Index,dt,customer_type,trigger_type,n_triggered
0,01/07/22,1,scheduled,6744
1,01/07/22,0,scheduled,6983
2,01/07/22,2,scheduled,1327
3,01/07/22,3,scheduled,40
96,02/07/22,1,scheduled,6309
97,02/07/22,0,scheduled,6614
98,02/07/22,2,scheduled,1332
99,02/07/22,3,scheduled,40
192,03/07/22,1,scheduled,5890
193,03/07/22,0,scheduled,6294
194,03/07/22,2,scheduled,1247
195,03/07/22,3,scheduled,35
288,04/07/22,1,scheduled,5758
289,04/07/22,0,scheduled,5681
290,04/07/22,2,scheduled,1159
291,04/07/22,3,scheduled,35
384,05/07/22,1,scheduled,6526
385,05/07/22,0,scheduled,5730
386,05/07/22,2,scheduled,1216
387,05/07/22,3,scheduled,32
480,06/07/22,1,scheduled,6684
481,06/07/22,0,scheduled,6758
482,06/07/22,2,scheduled,1311
483,06/07/22,3,scheduled,34
576,07/07/22,1,scheduled,6467
577,07/07/22,0,scheduled,6639
578,07/07/22,2,scheduled,1163
579,07/07/22,3,scheduled,34
672,08/07/22,1,scheduled,6947
673,08/07/22,0,scheduled,6529
674,08/07/22,2,scheduled,1274
675,08/07/22,3,scheduled,36
768,09/07/22,1,scheduled,6671
769,09/07/22,0,scheduled,6836
770,09/07/22,2,scheduled,1212
771,09/07/22,3,scheduled,38
864,10/07/22,1,scheduled,7001
865,10/07/22,0,scheduled,6555
866,10/07/22,2,scheduled,1317
867,10/07/22,3,scheduled,36
960,11/07/22,1,scheduled,7173
961,11/07/22,0,scheduled,6924
962,11/07/22,2,scheduled,1244
963,11/07/22,3,scheduled,38
1056,12/07/22,1,scheduled,7342
1057,12/07/22,0,scheduled,6956
1058,12/07/22,2,scheduled,1310
1059,12/07/22,3,scheduled,42
1152,13/07/22,1,scheduled,7024
1153,13/07/22,0,scheduled,7076
1154,13/07/22,2,scheduled,1297
1155,13/07/22,3,scheduled,46
1248,14/07/22,1,scheduled,6957
1249,14/07/22,0,scheduled,7020
1250,14/07/22,2,scheduled,1218
1251,14/07/22,3,scheduled,44
1344,15/07/22,1,scheduled,7026
1345,15/07/22,0,scheduled,7016
1346,15/07/22,2,scheduled,1209
1347,15/07/22,3,scheduled,41
1440,16/07/22,1,scheduled,7184
1441,16/07/22,0,scheduled,7506
1442,16/07/22,2,scheduled,1293
1443,16/07/22,3,scheduled,45
1536,17/07/22,1,scheduled,7750
1537,17/07/22,0,scheduled,7682
1538,17/07/22,2,scheduled,1275
1539,17/07/22,3,scheduled,43
1632,18/07/22,1,scheduled,7267
1633,18/07/22,0,scheduled,6956
1634,18/07/22,2,scheduled,1279
1635,18/07/22,3,scheduled,43
1728,19/07/22,1,scheduled,7358
1729,19/07/22,0,scheduled,8000
1730,19/07/22,2,scheduled,1419
1731,19/07/22,3,scheduled,41
1824,20/07/22,1,scheduled,7593
1825,20/07/22,0,scheduled,7565
1826,20/07/22,2,scheduled,1348
1827,20/07/22,3,scheduled,44
1920,21/07/22,1,scheduled,7370
1921,21/07/22,0,scheduled,7156
1922,21/07/22,2,scheduled,1323
1923,21/07/22,3,scheduled,47
2016,22/07/22,1,scheduled,7189
2017,22/07/22,0,scheduled,7159
2018,22/07/22,2,scheduled,1320
2019,22/07/22,3,scheduled,45
2112,23/07/22,1,scheduled,6993
2113,23/07/22,0,scheduled,7340
2114,23/07/22,2,scheduled,1274
2115,23/07/22,3,scheduled,43
2208,24/07/22,1,scheduled,6526
2209,24/07/22,0,scheduled,6672
2210,24/07/22,2,scheduled,1235
2211,24/07/22,3,scheduled,39
2304,25/07/22,1,scheduled,6611
2305,25/07/22,0,scheduled,6820
2306,25/07/22,2,scheduled,1219
2307,25/07/22,3,scheduled,45
2400,26/07/22,1,scheduled,7476
2401,26/07/22,0,scheduled,7209
2402,26/07/22,2,scheduled,1274
2403,26/07/22,3,scheduled,33
2496,27/07/22,1,scheduled,7269
2497,27/07/22,0,scheduled,7386
2498,27/07/22,2,scheduled,1348
2499,27/07/22,3,scheduled,41
2592,28/07/22,1,scheduled,7468
2593,28/07/22,0,scheduled,6804
2594,28/07/22,2,scheduled,1257
2595,28/07/22,3,scheduled,39
2688,29/07/22,1,scheduled,7512
2689,29/07/22,0,scheduled,7522
2690,29/07/22,2,scheduled,1287
2691,29/07/22,3,scheduled,45
2784,30/07/22,1,scheduled,7256
2785,30/07/22,0,scheduled,7018
2786,30/07/22,2,scheduled,1271
2787,30/07/22,3,scheduled,39
2880,31/07/22,1,scheduled,6984
2881,31/07/22,0,scheduled,7303
2882,31/07/22,2,scheduled,1335
2883,31/07/22,3,scheduled,39
2976,01/08/22,1,scheduled,6609
2977,01/08/22,0,scheduled,7126
2978,01/08/22,2,scheduled,1358
2979,01/08/22,3,scheduled,31
3072,02/08/22,1,scheduled,7130
3073,02/08/22,0,scheduled,7515
3074,02/08/22,2,scheduled,1377
3075,02/08/22,3,scheduled,36
3168,03/08/22,1,scheduled,7939
3169,03/08/22,0,scheduled,7154
3170,03/08/22,2,scheduled,1396
3171,03/08/22,3,scheduled,40
3264,04/08/22,1,scheduled,7937
3265,04/08/22,0,scheduled,8111
3266,04/08/22,2,scheduled,1427
3267,04/08/22,3,scheduled,45
3360,05/08/22,1,scheduled,7274
3361,05/08/22,0,scheduled,7474
3362,05/08/22,2,scheduled,1346
3363,05/08/22,3,scheduled,32
3456,06/08/22,1,scheduled,7298
3457,06/08/22,0,scheduled,7152
3458,06/08/22,2,scheduled,1534
3459,06/08/22,3,scheduled,33
3552,07/08/22,1,scheduled,6485
3553,07/08/22,0,scheduled,7028
3554,07/08/22,2,scheduled,1385
3555,07/08/22,3,scheduled,36
3648,08/08/22,1,scheduled,6536
3649,08/08/22,0,scheduled,7596
3650,08/08/22,2,scheduled,1376
3651,08/08/22,3,scheduled,38
3744,09/08/22,1,scheduled,7010
3745,09/08/22,0,scheduled,7878
3746,09/08/22,2,scheduled,1485
3747,09/08/22,3,scheduled,39
3840,10/08/22,1,scheduled,6694
3841,10/08/22,0,scheduled,7864
3842,10/08/22,2,scheduled,1606
3843,10/08/22,3,scheduled,40
3936,11/08/22,1,scheduled,7045
3937,11/08/22,0,scheduled,8102
3938,11/08/22,2,scheduled,1523
3939,11/08/22,3,scheduled,39
4032,12/08/22,1,scheduled,6981
4033,12/08/22,0,scheduled,7762
4034,12/08/22,2,scheduled,1472
4035,12/08/22,3,scheduled,40
4128,13/08/22,1,scheduled,6757
4129,13/08/22,0,scheduled,7498
4130,13/08/22,2,scheduled,1648
4131,13/08/22,3,scheduled,41
4224,14/08/22,1,scheduled,6594
4225,14/08/22,0,scheduled,7334
4226,14/08/22,2,scheduled,1464
4227,14/08/22,3,scheduled,38
4320,15/08/22,1,scheduled,6715
4321,15/08/22,0,scheduled,7550
4322,15/08/22,2,scheduled,1547
4323,15/08/22,3,scheduled,40
4416,16/08/22,1,scheduled,7112
4417,16/08/22,0,scheduled,7880
4418,16/08/22,2,scheduled,1446
4419,16/08/22,3,scheduled,37
4512,17/08/22,1,scheduled,8020
4513,17/08/22,0,scheduled,7667
4514,17/08/22,2,scheduled,1413
4515,17/08/22,3,scheduled,43
4608,18/08/22,1,scheduled,7731
4609,18/08/22,0,scheduled,8043
4610,18/08/22,2,scheduled,1525
4611,18/08/22,3,scheduled,44
4704,19/08/22,1,scheduled,7518
4705,19/08/22,0,scheduled,7592
4706,19/08/22,2,scheduled,1392
4707,19/08/22,3,scheduled,41
4800,20/08/22,1,scheduled,7241
4801,20/08/22,0,scheduled,7581
4802,20/08/22,2,scheduled,1376
4803,20/08/22,3,scheduled,41
4896,21/08/22,1,scheduled,7363
4897,21/08/22,0,scheduled,6629
4898,21/08/22,2,scheduled,1339
4899,21/08/22,3,scheduled,45
4992,22/08/22,1,scheduled,6318
4993,22/08/22,0,scheduled,6925
4994,22/08/22,2,scheduled,1350
4995,22/08/22,3,scheduled,40
5088,23/08/22,1,scheduled,7107
5089,23/08/22,0,scheduled,7333
5090,23/08/22,2,scheduled,1357
5091,23/08/22,3,scheduled,39
5184,24/08/22,1,scheduled,7628
5185,24/08/22,0,scheduled,7580
5186,24/08/22,2,scheduled,1361
5187,24/08/22,3,scheduled,42
5280,25/08/22,1,scheduled,7035
5281,25/08/22,0,scheduled,7616
5282,25/08/22,2,scheduled,1339
5283,25/08/22,3,scheduled,40
5376,26/08/22,1,scheduled,7185
5377,26/08/22,0,scheduled,7927
5378,26/08/22,2,scheduled,1497
5379,26/08/22,3,scheduled,36
5472,27/08/22,1,scheduled,7015
5473,27/08/22,0,scheduled,7609
5474,27/08/22,2,scheduled,1403
5475,27/08/22,3,scheduled,37
5568,28/08/22,1,scheduled,6867
5569,28/08/22,0,scheduled,6539
5570,28/08/22,2,scheduled,1377
5571,28/08/22,3,scheduled,37
5664,29/08/22,1,scheduled,6211
5665,29/08/22,0,scheduled,6330
5666,29/08/22,2,scheduled,1256
5667,29/08/22,3,scheduled,35
5760,30/08/22,1,scheduled,6551
5761,30/08/22,0,scheduled,7147
5762,30/08/22,2,scheduled,1357
5763,30/08/22,3,scheduled,42
5856,31/08/22,1,scheduled,6780
5857,31/08/22,0,scheduled,7375
5858,31/08/22,2,scheduled,1488
5859,31/08/22,3,scheduled,42
5952,01/09/22,1,scheduled,7227
5953,01/09/22,0,scheduled,8730
5954,01/09/22,2,scheduled,1601
5955,01/09/22,3,scheduled,43
6048,02/09/22,1,scheduled,7679
6049,02/09/22,0,scheduled,9023
6050,02/09/22,2,scheduled,1717
6051,02/09/22,3,scheduled,40
6144,03/09/22,1,scheduled,7632
6145,03/09/22,0,scheduled,8752
6146,03/09/22,2,scheduled,1756
6147,03/09/22,3,scheduled,42
6240,04/09/22,1,scheduled,6819
6241,04/09/22,0,scheduled,8887
6242,04/09/22,2,scheduled,1912
6243,04/09/22,3,scheduled,39
6336,05/09/22,1,scheduled,7593
6337,05/09/22,0,scheduled,8656
6338,05/09/22,2,scheduled,1782
6339,05/09/22,3,scheduled,44
6432,06/09/22,1,scheduled,8050
6433,06/09/22,0,scheduled,9069
6434,06/09/22,2,scheduled,1718
6435,06/09/22,3,scheduled,40
6528,07/09/22,1,scheduled,8520
6529,07/09/22,0,scheduled,9372
6530,07/09/22,2,scheduled,1823
6531,07/09/22,3,scheduled,43
6624,08/09/22,1,scheduled,8111
6625,08/09/22,0,scheduled,9038
6626,08/09/22,2,scheduled,1754
6627,08/09/22,3,scheduled,44
6720,09/09/22,1,scheduled,8863
6721,09/09/22,0,scheduled,8879
6722,09/09/22,2,scheduled,1843
6723,09/09/22,3,scheduled,37
6816,10/09/22,1,scheduled,7614
6817,10/09/22,0,scheduled,7899
6818,10/09/22,2,scheduled,1470
6819,10/09/22,3,scheduled,38
6912,11/09/22,1,scheduled,7329
6913,11/09/22,0,scheduled,6909
6914,11/09/22,2,scheduled,1415
6915,11/09/22,3,scheduled,29
7008,12/09/22,1,scheduled,6597
7009,12/09/22,0,scheduled,7230
7010,12/09/22,2,scheduled,1586
7011,12/09/22,3,scheduled,32
7104,13/09/22,1,scheduled,6480
7105,13/09/22,0,scheduled,7205
7106,13/09/22,2,scheduled,1534
7107,13/09/22,3,scheduled,29
7200,14/09/22,1,scheduled,5938
7201,14/09/22,0,scheduled,7074
7202,14/09/22,2,scheduled,1352
7203,14/09/22,3,scheduled,32
7296,15/09/22,1,scheduled,5993
7297,15/09/22,0,scheduled,6406
7298,15/09/22,2,scheduled,1238
7299,15/09/22,3,scheduled,28
7392,16/09/22,1,scheduled,6148
7393,16/09/22,0,scheduled,6170
7394,16/09/22,2,scheduled,1184
7395,16/09/22,3,scheduled,27
7488,17/09/22,1,scheduled,6062
7489,17/09/22,0,scheduled,6526
7490,17/09/22,2,scheduled,1220
7491,17/09/22,3,scheduled,27
7584,18/09/22,1,scheduled,5763
7585,18/09/22,0,scheduled,5909
7586,18/09/22,2,scheduled,1186
7587,18/09/22,3,scheduled,24
7680,19/09/22,1,scheduled,5148
7681,19/09/22,0,scheduled,5520
7682,19/09/22,2,scheduled,1176
7683,19/09/22,3,scheduled,26
7776,20/09/22,1,scheduled,5408
7777,20/09/22,0,scheduled,6203
7778,20/09/22,2,scheduled,1164
7779,20/09/22,3,scheduled,28
7872,21/09/22,1,scheduled,5392
7873,21/09/22,0,scheduled,6063
7874,21/09/22,2,scheduled,1288
7875,21/09/22,3,scheduled,29
7968,22/09/22,1,scheduled,5904
7969,22/09/22,0,scheduled,5856
7970,22/09/22,2,scheduled,1196
7971,22/09/22,3,scheduled,27
8064,23/09/22,1,scheduled,5766
8065,23/09/22,0,scheduled,6429
8066,23/09/22,2,scheduled,1325
8067,23/09/22,3,scheduled,24
8160,24/09/22,1,scheduled,5996
8161,24/09/22,0,scheduled,6826
8162,24/09/22,2,scheduled,1375
8163,24/09/22,3,scheduled,25
8256,25/09/22,1,scheduled,5829
8257,25/09/22,0,scheduled,6596
8258,25/09/22,2,scheduled,1406
8259,25/09/22,3,scheduled,30
8352,26/09/22,1,scheduled,5740
8353,26/09/22,0,scheduled,6742
8354,26/09/22,2,scheduled,1348
8355,26/09/22,3,scheduled,27
8448,27/09/22,1,scheduled,5760
8449,27/09/22,0,scheduled,6781
8450,27/09/22,2,scheduled,1373
8451,27/09/22,3,scheduled,28
8544,28/09/22,1,scheduled,6105
8545,28/09/22,0,scheduled,7180
8546,28/09/22,2,scheduled,1496
8547,28/09/22,3,scheduled,30
8640,29/09/22,1,scheduled,5766
8641,29/09/22,0,scheduled,7340
8642,29/09/22,2,scheduled,1423
8643,29/09/22,3,scheduled,33
8736,30/09/22,1,scheduled,6127
8737,30/09/22,0,scheduled,6829
8738,30/09/22,2,scheduled,1305
8739,30/09/22,3,scheduled,29
8832,01/10/22,1,scheduled,6225
8833,01/10/22,0,scheduled,5937
8834,01/10/22,2,scheduled,1259
8835,01/10/22,3,scheduled,27
8928,02/10/22,1,scheduled,5617
8929,02/10/22,0,scheduled,5711
8930,02/10/22,2,scheduled,1188
8931,02/10/22,3,scheduled,27
9024,03/10/22,1,scheduled,5241
9025,03/10/22,0,scheduled,5629
9026,03/10/22,2,scheduled,1170
9027,03/10/22,3,scheduled,26
9120,04/10/22,1,scheduled,5963
9121,04/10/22,0,scheduled,6070
9122,04/10/22,2,scheduled,1190
9123,04/10/22,3,scheduled,28
9216,05/10/22,1,scheduled,5733
9217,05/10/22,0,scheduled,6402
9218,05/10/22,2,scheduled,1201
9219,05/10/22,3,scheduled,27
9312,06/10/22,1,scheduled,5697
9313,06/10/22,0,scheduled,6418
9314,06/10/22,2,scheduled,1210
9315,06/10/22,3,scheduled,27
9408,07/10/22,1,scheduled,6043
9409,07/10/22,0,scheduled,6133
9410,07/10/22,2,scheduled,1243
9411,07/10/22,3,scheduled,26
9504,08/10/22,1,scheduled,6109
9505,08/10/22,0,scheduled,6000
9506,08/10/22,2,scheduled,1285
9507,08/10/22,3,scheduled,26
9600,09/10/22,1,scheduled,5478
9601,09/10/22,0,scheduled,6323
9602,09/10/22,2,scheduled,1352
9603,09/10/22,3,scheduled,26
9696,10/10/22,1,scheduled,5466
9697,10/10/22,0,scheduled,5932
9698,10/10/22,2,scheduled,1198
9699,10/10/22,3,scheduled,25
9792,11/10/22,1,scheduled,5991
9793,11/10/22,0,scheduled,6417
9794,11/10/22,2,scheduled,1252
9795,11/10/22,3,scheduled,26
9888,12/10/22,1,scheduled,5745
9889,12/10/22,0,scheduled,6097
9890,12/10/22,2,scheduled,1280
9891,12/10/22,3,scheduled,22
9984,13/10/22,1,scheduled,5940
9985,13/10/22,0,scheduled,5690
9986,13/10/22,2,scheduled,1327
9987,13/10/22,3,scheduled,25
10080,14/10/22,1,scheduled,5896
10081,14/10/22,0,scheduled,5887
10082,14/10/22,2,scheduled,1174
10083,14/10/22,3,scheduled,26
10176,15/10/22,1,scheduled,5685
10177,15/10/22,0,scheduled,5630
10178,15/10/22,2,scheduled,1155
10179,15/10/22,3,scheduled,23
10272,16/10/22,1,scheduled,5402
10273,16/10/22,0,scheduled,5532
10274,16/10/22,2,scheduled,1123
10275,16/10/22,3,scheduled,23
10368,17/10/22,1,scheduled,5112
10369,17/10/22,0,scheduled,5490
10370,17/10/22,2,scheduled,1047
10371,17/10/22,3,scheduled,24
10464,18/10/22,1,scheduled,5727
10465,18/10/22,0,scheduled,5602
10466,18/10/22,2,scheduled,1135
10467,18/10/22,3,scheduled,24
10560,19/10/22,1,scheduled,5902
10561,19/10/22,0,scheduled,5959
10562,19/10/22,2,scheduled,1234
10563,19/10/22,3,scheduled,25
10656,20/10/22,1,scheduled,5694
10657,20/10/22,0,scheduled,6371
10658,20/10/22,2,scheduled,1381
10659,20/10/22,3,scheduled,26
10752,21/10/22,1,scheduled,5563
10753,21/10/22,0,scheduled,6561
10754,21/10/22,2,scheduled,1186
10755,21/10/22,3,scheduled,25
10848,22/10/22,1,scheduled,5608
10849,22/10/22,0,scheduled,5746
10850,22/10/22,2,scheduled,1253
10851,22/10/22,3,scheduled,25
10944,23/10/22,1,scheduled,5481
10945,23/10/22,0,scheduled,5300
10946,23/10/22,2,scheduled,1049
10947,23/10/22,3,scheduled,22
11040,24/10/22,1,scheduled,4978
11041,24/10/22,0,scheduled,4886
11042,24/10/22,2,scheduled,1112
11043,24/10/22,3,scheduled,25
11136,25/10/22,1,scheduled,5543
11137,25/10/22,0,scheduled,5230
11138,25/10/22,2,scheduled,1098
11139,25/10/22,3,scheduled,26
11232,26/10/22,1,scheduled,5296
11233,26/10/22,0,scheduled,5659
11234,26/10/22,2,scheduled,1056
11235,26/10/22,3,scheduled,25
11328,27/10/22,1,scheduled,5343
11329,27/10/22,0,scheduled,5507
11330,27/10/22,2,scheduled,1090
11331,27/10/22,3,scheduled,27
11424,28/10/22,1,scheduled,5659
11425,28/10/22,0,scheduled,5173
11426,28/10/22,2,scheduled,1056
11427,28/10/22,3,scheduled,28
11520,29/10/22,1,scheduled,5977
11521,29/10/22,0,scheduled,5345
11522,29/10/22,2,scheduled,1073
11523,29/10/22,3,scheduled,25
11616,30/10/22,1,scheduled,5295
11617,30/10/22,0,scheduled,4980
11618,30/10/22,2,scheduled,1098
11619,30/10/22,3,scheduled,26
11712,31/10/22,1,scheduled,5180
11713,31/10/22,0,scheduled,5272
11714,31/10/22,2,scheduled,1093
11715,31/10/22,3,scheduled,24
11808,01/11/22,1,scheduled,5436
11809,01/11/22,0,scheduled,5255
11810,01/11/22,2,scheduled,1118
11811,01/11/22,3,scheduled,24
11904,02/11/22,1,scheduled,5465
11905,02/11/22,0,scheduled,5277
11906,02/11/22,2,scheduled,1063
11907,02/11/22,3,scheduled,24
12000,03/11/22,1,scheduled,5467
12001,03/11/22,0,scheduled,5229
12002,03/11/22,2,scheduled,1061
12003,03/11/22,3,scheduled,30
12096,04/11/22,1,scheduled,5325
12097,04/11/22,0,scheduled,5502
12098,04/11/22,2,scheduled,1058
12099,04/11/22,3,scheduled,35
12192,05/11/22,1,scheduled,5390
12193,05/11/22,0,scheduled,5234
12194,05/11/22,2,scheduled,1094
12195,05/11/22,3,scheduled,30
12288,06/11/22,1,scheduled,5511
12289,06/11/22,0,scheduled,5024
12290,06/11/22,2,scheduled,1015
12291,06/11/22,3,scheduled,29
12388,07/11/22,1,scheduled,5354
12389,07/11/22,0,scheduled,4941
12390,07/11/22,2,scheduled,996
12391,07/11/22,3,scheduled,24
12484,08/11/22,1,scheduled,5324
12485,08/11/22,0,scheduled,5073
12486,08/11/22,2,scheduled,1091
12487,08/11/22,3,scheduled,27
12580,09/11/22,1,scheduled,5377
12581,09/11/22,0,scheduled,5270
12582,09/11/22,2,scheduled,1031
12583,09/11/22,3,scheduled,31
12676,10/11/22,1,scheduled,5225
12677,10/11/22,0,scheduled,5645
12678,10/11/22,2,scheduled,1043
12679,10/11/22,3,scheduled,34
12772,11/11/22,1,scheduled,5171
12773,11/11/22,0,scheduled,5531
12774,11/11/22,2,scheduled,1093
12775,11/11/22,3,scheduled,35
12868,12/11/22,1,scheduled,5497
12869,12/11/22,0,scheduled,5258
12870,12/11/22,2,scheduled,1107
12871,12/11/22,3,scheduled,38
12964,13/11/22,1,scheduled,5136
12965,13/11/22,0,scheduled,5014
12966,13/11/22,2,scheduled,1094
12967,13/11/22,3,scheduled,36
13060,14/11/22,1,scheduled,5397
13061,14/11/22,0,scheduled,5319
13062,14/11/22,2,scheduled,1082
13063,14/11/22,3,scheduled,37
13156,15/11/22,1,scheduled,5419
13157,15/11/22,0,scheduled,5499
13158,15/11/22,2,scheduled,1066
13159,15/11/22,3,scheduled,40
13252,16/11/22,1,scheduled,5613
13253,16/11/22,0,scheduled,5330
13254,16/11/22,2,scheduled,1073
13255,16/11/22,3,scheduled,39
13348,17/11/22,1,scheduled,5530
13349,17/11/22,0,scheduled,5727
13350,17/11/22,2,scheduled,1043
13351,17/11/22,3,scheduled,40
13444,18/11/22,1,scheduled,5492
13445,18/11/22,0,scheduled,5279
13446,18/11/22,2,scheduled,1103
13447,18/11/22,3,scheduled,41
13540,19/11/22,1,scheduled,5087
13541,19/11/22,0,scheduled,5383
13542,19/11/22,2,scheduled,1075
13543,19/11/22,3,scheduled,39
13636,20/11/22,1,scheduled,5154
13637,20/11/22,0,scheduled,5328
13638,20/11/22,2,scheduled,1004
13639,20/11/22,3,scheduled,43
13732,21/11/22,1,scheduled,5379
13733,21/11/22,0,scheduled,5201
13734,21/11/22,2,scheduled,1020
13735,21/11/22,3,scheduled,44
13828,22/11/22,1,scheduled,5486
13829,22/11/22,0,scheduled,5867
13830,22/11/22,2,scheduled,1027
13831,22/11/22,3,scheduled,43
13924,23/11/22,1,scheduled,5575
13925,23/11/22,0,scheduled,5332
13926,23/11/22,2,scheduled,1040
13927,23/11/22,3,scheduled,44
14020,24/11/22,1,scheduled,5335
14021,24/11/22,0,scheduled,5217
14022,24/11/22,2,scheduled,1121
14023,24/11/22,3,scheduled,35
14116,25/11/22,1,scheduled,4908
14117,25/11/22,0,scheduled,4788
14118,25/11/22,2,scheduled,1007
14119,25/11/22,3,scheduled,37
14212,26/11/22,1,scheduled,5202
14213,26/11/22,0,scheduled,5108
14214,26/11/22,2,scheduled,1050
14215,26/11/22,3,scheduled,43
14308,27/11/22,1,scheduled,4783
14309,27/11/22,0,scheduled,5186
14310,27/11/22,2,scheduled,1071
14311,27/11/22,3,scheduled,39
14404,28/11/22,1,scheduled,4973
14405,28/11/22,0,scheduled,4787
14406,28/11/22,2,scheduled,1069
14407,28/11/22,3,scheduled,37
14500,29/11/22,1,scheduled,5512
14501,29/11/22,0,scheduled,5566
14502,29/11/22,2,scheduled,1115
14503,29/11/22,3,scheduled,39
14596,30/11/22,1,scheduled,5620
14597,30/11/22,0,scheduled,5318
14598,30/11/22,2,scheduled,1088
14599,30/11/22,3,scheduled,46
14692,01/12/22,1,scheduled,5505
14693,01/12/22,0,scheduled,5651
14694,01/12/22,2,scheduled,1100
14695,01/12/22,3,scheduled,43
14788,02/12/22,1,scheduled,5563
14789,02/12/22,0,scheduled,5575
14790,02/12/22,2,scheduled,1157
14791,02/12/22,3,scheduled,37
14884,03/12/22,1,scheduled,5807
14885,03/12/22,0,scheduled,5768
14886,03/12/22,2,scheduled,1075
14887,03/12/22,3,scheduled,35
14980,04/12/22,1,scheduled,5308
14981,04/12/22,0,scheduled,4944
14982,04/12/22,2,scheduled,1057
14983,04/12/22,3,scheduled,33
15076,05/12/22,1,scheduled,5559
15077,05/12/22,0,scheduled,5191
15078,05/12/22,2,scheduled,944
15079,05/12/22,3,scheduled,30
15172,06/12/22,1,scheduled,5320
15173,06/12/22,0,scheduled,5440
15174,06/12/22,2,scheduled,1186
15175,06/12/22,3,scheduled,39
15268,07/12/22,1,scheduled,5887
15269,07/12/22,0,scheduled,5583
15270,07/12/22,2,scheduled,1166
15271,07/12/22,3,scheduled,42
15364,08/12/22,1,scheduled,5826
15365,08/12/22,0,scheduled,5708
15366,08/12/22,2,scheduled,1148
15367,08/12/22,3,scheduled,46
15460,09/12/22,1,scheduled,5679
15461,09/12/22,0,scheduled,5876
15462,09/12/22,2,scheduled,1252
15463,09/12/22,3,scheduled,46
15556,10/12/22,1,scheduled,5569
15557,10/12/22,0,scheduled,5678
15558,10/12/22,2,scheduled,1204
15559,10/12/22,3,scheduled,44
15652,11/12/22,1,scheduled,5494
15653,11/12/22,0,scheduled,5341
15654,11/12/22,2,scheduled,1082
15655,11/12/22,3,scheduled,36
15748,12/12/22,1,scheduled,5480
15749,12/12/22,0,scheduled,5680
15750,12/12/22,2,scheduled,1086
15751,12/12/22,3,scheduled,45
15844,13/12/22,1,scheduled,5693
15845,13/12/22,0,scheduled,5952
15846,13/12/22,2,scheduled,1233
15847,13/12/22,3,scheduled,53
15940,14/12/22,1,scheduled,6041
15941,14/12/22,0,scheduled,6205
15942,14/12/22,2,scheduled,1242
15943,14/12/22,3,scheduled,50
16036,15/12/22,1,scheduled,6126
16037,15/12/22,0,scheduled,6163
16038,15/12/22,2,scheduled,1146
16039,15/12/22,3,scheduled,51
16132,16/12/22,1,scheduled,5820
16133,16/12/22,0,scheduled,6252
16134,16/12/22,2,scheduled,1216
16135,16/12/22,3,scheduled,51
16228,17/12/22,1,scheduled,5849
16229,17/12/22,0,scheduled,5678
16230,17/12/22,2,scheduled,1164
16231,17/12/22,3,scheduled,54
16324,18/12/22,1,scheduled,5553
16325,18/12/22,0,scheduled,5431
16326,18/12/22,2,scheduled,1109
16327,18/12/22,3,scheduled,53
16420,19/12/22,1,scheduled,5664
16421,19/12/22,0,scheduled,5597
16422,19/12/22,2,scheduled,1138
16423,19/12/22,3,scheduled,55
16516,20/12/22,1,scheduled,5710
16517,20/12/22,0,scheduled,6016
16518,20/12/22,2,scheduled,1215
16519,20/12/22,3,scheduled,47
16612,21/12/22,1,scheduled,5860
16613,21/12/22,0,scheduled,5850
16614,21/12/22,2,scheduled,1238
16615,21/12/22,3,scheduled,46
16708,22/12/22,1,scheduled,5785
16709,22/12/22,0,scheduled,5632
16710,22/12/22,2,scheduled,1262
16711,22/12/22,3,scheduled,45
16804,23/12/22,1,scheduled,5362
16805,23/12/22,0,scheduled,5891
16806,23/12/22,2,scheduled,1172
16807,23/12/22,3,scheduled,41
16900,24/12/22,1,scheduled,5626
16901,24/12/22,0,scheduled,5716
16902,24/12/22,2,scheduled,1154
16903,24/12/22,3,scheduled,40
16996,25/12/22,1,scheduled,5534
16997,25/12/22,0,scheduled,5166
16998,25/12/22,2,scheduled,1132
16999,25/12/22,3,scheduled,37
17092,26/12/22,1,scheduled,5334
17093,26/12/22,0,scheduled,4976
17094,26/12/22,2,scheduled,1108
17095,26/12/22,3,scheduled,36
17188,27/12/22,1,scheduled,5400
17189,27/12/22,0,scheduled,5433
17190,27/12/22,2,scheduled,1154
17191,27/12/22,3,scheduled,35
17284,28/12/22,1,scheduled,5159
17285,28/12/22,0,scheduled,5304
17286,28/12/22,2,scheduled,1102
17287,28/12/22,3,scheduled,31
17380,29/12/22,1,scheduled,5243
17381,29/12/22,0,scheduled,5378
17382,29/12/22,2,scheduled,1149
17383,29/12/22,3,scheduled,39
17476,30/12/22,1,scheduled,5615
17477,30/12/22,0,scheduled,5597
17478,30/12/22,2,scheduled,1136
17479,30/12/22,3,scheduled,43
17572,31/12/22,1,scheduled,5177
17573,31/12/22,0,scheduled,5504
17574,31/12/22,2,scheduled,1085
17575,31/12/22,3,scheduled,33
17668,01/07/22,1,interference,6529
17670,01/07/22,3,interference,2515
17671,01/07/22,0,interference,8872
17673,01/07/22,2,interference,4736
17860,02/07/22,1,interference,7133
17862,02/07/22,3,interference,2546
17863,02/07/22,0,interference,8580
17865,02/07/22,2,interference,4821
18052,03/07/22,1,interference,7457
18054,03/07/22,3,interference,2569
18055,03/07/22,0,interference,8171
18057,03/07/22,2,interference,4968
18244,04/07/22,1,interference,7506
18246,04/07/22,3,interference,2489
18247,04/07/22,0,interference,8725
18249,04/07/22,2,interference,4695
18436,05/07/22,1,interference,7839
18438,05/07/22,3,interference,2402
18439,05/07/22,0,interference,8855
18441,05/07/22,2,interference,4690
18628,06/07/22,1,interference,7856
18630,06/07/22,3,interference,2488
18631,06/07/22,0,interference,9497
18633,06/07/22,2,interference,4804
18820,07/07/22,1,interference,7246
18822,07/07/22,3,interference,2570
18823,07/07/22,0,interference,9339
18825,07/07/22,2,interference,5254
19012,08/07/22,1,interference,7437
19014,08/07/22,3,interference,2640
19015,08/07/22,0,interference,9421
19017,08/07/22,2,interference,5218
19204,09/07/22,1,interference,8159
19206,09/07/22,3,interference,2531
19207,09/07/22,0,interference,9503
19209,09/07/22,2,interference,5006
19396,10/07/22,1,interference,7880
19398,10/07/22,3,interference,2559
19399,10/07/22,0,interference,9421
19401,10/07/22,2,interference,5337
19588,11/07/22,1,interference,8027
19590,11/07/22,3,interference,2585
19591,11/07/22,0,interference,9710
19593,11/07/22,2,interference,5025
19780,12/07/22,1,interference,8524
19782,12/07/22,3,interference,2568
19783,12/07/22,0,interference,9200
19785,12/07/22,2,interference,5184
19972,13/07/22,1,interference,7685
19974,13/07/22,3,interference,2674
19975,13/07/22,0,interference,9265
19977,13/07/22,2,interference,5288
20164,14/07/22,1,interference,7426
20166,14/07/22,3,interference,2503
20167,14/07/22,0,interference,10242
20169,14/07/22,2,interference,5044
20356,15/07/22,1,interference,6882
20358,15/07/22,3,interference,2352
20359,15/07/22,0,interference,7523
20361,15/07/22,2,interference,4178
20548,16/07/22,1,interference,7041
20550,16/07/22,3,interference,2648
20551,16/07/22,0,interference,8492
20553,16/07/22,2,interference,4535
20740,17/07/22,1,interference,7319
20742,17/07/22,3,interference,2683
20743,17/07/22,0,interference,8877
20745,17/07/22,2,interference,4894
20932,18/07/22,1,interference,7536
20934,18/07/22,3,interference,2628
20935,18/07/22,0,interference,9731
20937,18/07/22,2,interference,4794
21124,19/07/22,1,interference,7752
21126,19/07/22,3,interference,2771
21127,19/07/22,0,interference,9993
21129,19/07/22,2,interference,4926
21316,20/07/22,1,interference,7631
21318,20/07/22,3,interference,2702
21319,20/07/22,0,interference,10906
21321,20/07/22,2,interference,5198
21508,21/07/22,1,interference,7448
21510,21/07/22,3,interference,2853
21511,21/07/22,0,interference,10476
21513,21/07/22,2,interference,5217
21700,22/07/22,1,interference,7374
21702,22/07/22,3,interference,2657
21703,22/07/22,0,interference,9179
21705,22/07/22,2,interference,4918
21892,23/07/22,1,interference,7114
21894,23/07/22,3,interference,2676
21895,23/07/22,0,interference,8692
21897,23/07/22,2,interference,5063
22084,24/07/22,1,interference,7439
22086,24/07/22,3,interference,2561
22087,24/07/22,0,interference,9390
22089,24/07/22,2,interference,4756
22276,25/07/22,1,interference,7610
22278,25/07/22,3,interference,2554
22279,25/07/22,0,interference,9576
22281,25/07/22,2,interference,5172
22468,26/07/22,1,interference,7595
22470,26/07/22,3,interference,2628
22471,26/07/22,0,interference,9979
22473,26/07/22,2,interference,4969
22660,27/07/22,1,interference,7542
22662,27/07/22,3,interference,2625
22663,27/07/22,0,interference,10203
22665,27/07/22,2,interference,5069
22852,28/07/22,1,interference,7210
22854,28/07/22,3,interference,2782
22855,28/07/22,0,interference,9453
22857,28/07/22,2,interference,4780
23044,29/07/22,1,interference,7350
23046,29/07/22,3,interference,2595
23047,29/07/22,0,interference,10103
23049,29/07/22,2,interference,4984
23236,30/07/22,1,interference,7237
23238,30/07/22,3,interference,2624
23239,30/07/22,0,interference,9293
23241,30/07/22,2,interference,4957
23428,31/07/22,1,interference,7268
23430,31/07/22,3,interference,2623
23431,31/07/22,0,interference,9492
23433,31/07/22,2,interference,4948
23620,01/08/22,1,interference,7525
23622,01/08/22,3,interference,2568
23623,01/08/22,0,interference,9088
23625,01/08/22,2,interference,4776
23812,02/08/22,1,interference,7620
23814,02/08/22,3,interference,2641
23815,02/08/22,0,interference,9548
23817,02/08/22,2,interference,4864
24004,03/08/22,1,interference,7445
24006,03/08/22,3,interference,2832
24007,03/08/22,0,interference,9554
24009,03/08/22,2,interference,5252
24196,04/08/22,1,interference,7919
24198,04/08/22,3,interference,2717
24199,04/08/22,0,interference,9374
24201,04/08/22,2,interference,4989
24388,05/08/22,1,interference,7339
24390,05/08/22,3,interference,2617
24391,05/08/22,0,interference,9275
24393,05/08/22,2,interference,5008
24580,06/08/22,1,interference,6896
24582,06/08/22,3,interference,2773
24583,06/08/22,0,interference,9478
24585,06/08/22,2,interference,4705
24772,07/08/22,1,interference,7139
24774,07/08/22,3,interference,2633
24775,07/08/22,0,interference,8614
24777,07/08/22,2,interference,4575
24964,08/08/22,1,interference,7346
24966,08/08/22,3,interference,2762
24967,08/08/22,0,interference,9308
24969,08/08/22,2,interference,4610
25156,09/08/22,1,interference,7198
25158,09/08/22,3,interference,2699
25159,09/08/22,0,interference,9464
25161,09/08/22,2,interference,4909
25348,10/08/22,1,interference,7765
25350,10/08/22,3,interference,2737
25351,10/08/22,0,interference,7992
25353,10/08/22,2,interference,4924
25540,11/08/22,1,interference,6428
25542,11/08/22,3,interference,2714
25543,11/08/22,0,interference,6979
25545,11/08/22,2,interference,4699
25732,12/08/22,1,interference,7661
25734,12/08/22,3,interference,2626
25735,12/08/22,0,interference,8861
25737,12/08/22,2,interference,4562
25924,13/08/22,1,interference,7266
25926,13/08/22,3,interference,2725
25927,13/08/22,0,interference,8651
25929,13/08/22,2,interference,4614
26116,14/08/22,1,interference,6872
26118,14/08/22,3,interference,2622
26119,14/08/22,0,interference,8289
26121,14/08/22,2,interference,4620
26308,15/08/22,1,interference,6922
26310,15/08/22,3,interference,2826
26311,15/08/22,0,interference,8966
26313,15/08/22,2,interference,4118
26500,16/08/22,1,interference,7667
26502,16/08/22,3,interference,2768
26503,16/08/22,0,interference,8469
26505,16/08/22,2,interference,4358
26692,17/08/22,1,interference,7686
26694,17/08/22,3,interference,2563
26695,17/08/22,0,interference,9201
26697,17/08/22,2,interference,4674
26884,18/08/22,1,interference,7526
26886,18/08/22,3,interference,2605
26887,18/08/22,0,interference,8478
26889,18/08/22,2,interference,5092
27076,19/08/22,1,interference,6358
27078,19/08/22,3,interference,2474
27079,19/08/22,0,interference,7564
27081,19/08/22,2,interference,4302
27268,20/08/22,1,interference,6036
27270,20/08/22,3,interference,2519
27271,20/08/22,0,interference,7797
27273,20/08/22,2,interference,4405
27460,21/08/22,1,interference,6861
27462,21/08/22,3,interference,2443
27463,21/08/22,0,interference,7707
27465,21/08/22,2,interference,4431
27652,22/08/22,1,interference,7097
27654,22/08/22,3,interference,2633
27655,22/08/22,0,interference,7031
27657,22/08/22,2,interference,4396
27844,23/08/22,1,interference,7284
27846,23/08/22,3,interference,2446
27847,23/08/22,0,interference,6470
27849,23/08/22,2,interference,3817
28036,24/08/22,1,interference,6995
28038,24/08/22,3,interference,2607
28039,24/08/22,0,interference,6472
28041,24/08/22,2,interference,4221
28228,25/08/22,1,interference,6772
28230,25/08/22,3,interference,2571
28231,25/08/22,0,interference,6676
28233,25/08/22,2,interference,3993
28420,26/08/22,1,interference,7011
28422,26/08/22,3,interference,2615
28423,26/08/22,0,interference,7508
28425,26/08/22,2,interference,4167
28612,27/08/22,1,interference,7007
28614,27/08/22,3,interference,2643
28615,27/08/22,0,interference,7938
28617,27/08/22,2,interference,4377
28804,28/08/22,1,interference,6773
28806,28/08/22,3,interference,2600
28807,28/08/22,0,interference,8372
28809,28/08/22,2,interference,4480
28996,29/08/22,1,interference,6930
28998,29/08/22,3,interference,2205
28999,29/08/22,0,interference,8219
29001,29/08/22,2,interference,4630
29188,30/08/22,1,interference,6289
29190,30/08/22,3,interference,2379
29191,30/08/22,0,interference,7682
29193,30/08/22,2,interference,4253
29380,31/08/22,1,interference,6270
29382,31/08/22,3,interference,2648
29383,31/08/22,0,interference,7024
29385,31/08/22,2,interference,3938
29572,01/09/22,1,interference,6757
29574,01/09/22,3,interference,2482
29575,01/09/22,0,interference,6714
29577,01/09/22,2,interference,4130
29764,02/09/22,1,interference,6824
29766,02/09/22,3,interference,2476
29767,02/09/22,0,interference,6474
29769,02/09/22,2,interference,4155
29956,03/09/22,1,interference,6328
29958,03/09/22,3,interference,2399
29959,03/09/22,0,interference,6464
29961,03/09/22,2,interference,4600
30148,04/09/22,1,interference,5981
30150,04/09/22,3,interference,2679
30151,04/09/22,0,interference,6756
30153,04/09/22,2,interference,3873
30340,05/09/22,1,interference,5961
30342,05/09/22,3,interference,2529
30343,05/09/22,0,interference,5916
30345,05/09/22,2,interference,3708
30532,06/09/22,1,interference,6227
30534,06/09/22,3,interference,2470
30535,06/09/22,0,interference,6530
30537,06/09/22,2,interference,3969
30724,07/09/22,1,interference,6483
30726,07/09/22,3,interference,2522
30727,07/09/22,0,interference,7508
30729,07/09/22,2,interference,4137
30916,08/09/22,1,interference,5825
30918,08/09/22,3,interference,2608
30919,08/09/22,0,interference,7495
30921,08/09/22,2,interference,4038
31108,09/09/22,1,interference,6045
31110,09/09/22,3,interference,2451
31111,09/09/22,0,interference,7126
31113,09/09/22,2,interference,4217
31300,10/09/22,1,interference,6728
31302,10/09/22,3,interference,2556
31303,10/09/22,0,interference,6848
31305,10/09/22,2,interference,4197
31492,11/09/22,1,interference,6425
31494,11/09/22,3,interference,2546
31495,11/09/22,0,interference,6696
31497,11/09/22,2,interference,4173
31684,12/09/22,1,interference,6302
31686,12/09/22,3,interference,2475
31687,12/09/22,0,interference,6160
31689,12/09/22,2,interference,4025
31876,13/09/22,1,interference,6111
31878,13/09/22,3,interference,2596
31879,13/09/22,0,interference,6291
31881,13/09/22,2,interference,4105
32068,14/09/22,1,interference,6004
32070,14/09/22,3,interference,2470
32071,14/09/22,0,interference,6347
32073,14/09/22,2,interference,3797
32260,15/09/22,1,interference,6098
32262,15/09/22,3,interference,2515
32263,15/09/22,0,interference,6306
32265,15/09/22,2,interference,3741
32452,16/09/22,1,interference,6462
32454,16/09/22,3,interference,2397
32455,16/09/22,0,interference,6683
32457,16/09/22,2,interference,4161
32644,17/09/22,1,interference,7042
32646,17/09/22,3,interference,2631
32647,17/09/22,0,interference,7687
32649,17/09/22,2,interference,4299
32836,18/09/22,1,interference,6791
32838,18/09/22,3,interference,2488
32839,18/09/22,0,interference,7759
32841,18/09/22,2,interference,4304
33028,19/09/22,1,interference,6742
33030,19/09/22,3,interference,2476
33031,19/09/22,0,interference,7611
33033,19/09/22,2,interference,4481
33220,20/09/22,1,interference,6832
33222,20/09/22,3,interference,2456
33223,20/09/22,0,interference,7632
33225,20/09/22,2,interference,4383
33412,21/09/22,1,interference,7495
33414,21/09/22,3,interference,2564
33415,21/09/22,0,interference,8536
33417,21/09/22,2,interference,4835
33604,22/09/22,1,interference,6571
33606,22/09/22,3,interference,2567
33607,22/09/22,0,interference,7817
33609,22/09/22,2,interference,4125
33796,23/09/22,1,interference,6745
33798,23/09/22,3,interference,2618
33799,23/09/22,0,interference,7085
33801,23/09/22,2,interference,3956
33988,24/09/22,1,interference,7238
33990,24/09/22,3,interference,2462
33991,24/09/22,0,interference,7521
33993,24/09/22,2,interference,4207
34180,25/09/22,1,interference,6950
34182,25/09/22,3,interference,2577
34183,25/09/22,0,interference,7029
34185,25/09/22,2,interference,4413
34372,26/09/22,1,interference,6851
34374,26/09/22,3,interference,2518
34375,26/09/22,0,interference,6665
34377,26/09/22,2,interference,3975
34564,27/09/22,1,interference,6044
34566,27/09/22,3,interference,2574
34567,27/09/22,0,interference,5501
34569,27/09/22,2,interference,3606
34756,28/09/22,1,interference,5555
34758,28/09/22,3,interference,2434
34759,28/09/22,0,interference,5888
34761,28/09/22,2,interference,3475
34948,29/09/22,1,interference,5273
34950,29/09/22,3,interference,2546
34951,29/09/22,0,interference,5993
34953,29/09/22,2,interference,3336
35140,30/09/22,1,interference,5555
35142,30/09/22,3,interference,2668
35143,30/09/22,0,interference,5715
35145,30/09/22,2,interference,3898
35332,01/10/22,1,interference,5263
35334,01/10/22,3,interference,2450
35335,01/10/22,0,interference,5216
35337,01/10/22,2,interference,3523
35524,02/10/22,1,interference,5286
35526,02/10/22,3,interference,2654
35527,02/10/22,0,interference,5183
35529,02/10/22,2,interference,3341
35716,03/10/22,1,interference,4964
35718,03/10/22,3,interference,2539
35719,03/10/22,0,interference,5218
35721,03/10/22,2,interference,3149
35908,04/10/22,1,interference,5123
35910,04/10/22,3,interference,2623
35911,04/10/22,0,interference,5588
35913,04/10/22,2,interference,3278
36100,05/10/22,1,interference,5519
36102,05/10/22,3,interference,2543
36103,05/10/22,0,interference,5843
36105,05/10/22,2,interference,3273
36292,06/10/22,1,interference,5455
36294,06/10/22,3,interference,2540
36295,06/10/22,0,interference,5805
36297,06/10/22,2,interference,3335
36484,07/10/22,1,interference,5754
36486,07/10/22,3,interference,2706
36487,07/10/22,0,interference,5628
36489,07/10/22,2,interference,3587
36676,08/10/22,1,interference,5579
36678,08/10/22,3,interference,2499
36679,08/10/22,0,interference,5807
36681,08/10/22,2,interference,3336
36868,09/10/22,1,interference,5790
36870,09/10/22,3,interference,2508
36871,09/10/22,0,interference,4946
36873,09/10/22,2,interference,3398
37060,10/10/22,1,interference,5494
37062,10/10/22,3,interference,2549
37063,10/10/22,0,interference,5463
37065,10/10/22,2,interference,3459
37252,11/10/22,1,interference,5311
37254,11/10/22,3,interference,2446
37255,11/10/22,0,interference,5887
37257,11/10/22,2,interference,3505
37444,12/10/22,1,interference,5840
37446,12/10/22,3,interference,2570
37447,12/10/22,0,interference,6177
37449,12/10/22,2,interference,3818
37636,13/10/22,1,interference,6509
37638,13/10/22,3,interference,2633
37639,13/10/22,0,interference,5835
37641,13/10/22,2,interference,4108
37828,14/10/22,1,interference,5559
37830,14/10/22,3,interference,2602
37831,14/10/22,0,interference,5344
37833,14/10/22,2,interference,3570
38020,15/10/22,1,interference,5632
38022,15/10/22,3,interference,2569
38023,15/10/22,0,interference,6161
38025,15/10/22,2,interference,3976
38212,16/10/22,1,interference,6035
38214,16/10/22,3,interference,2521
38215,16/10/22,0,interference,6662
38217,16/10/22,2,interference,3835
38404,17/10/22,1,interference,6473
38406,17/10/22,3,interference,2377
38407,17/10/22,0,interference,5431
38409,17/10/22,2,interference,3667
38596,18/10/22,1,interference,4916
38598,18/10/22,3,interference,2684
38599,18/10/22,0,interference,4981
38601,18/10/22,2,interference,2860
38788,19/10/22,1,interference,4692
38790,19/10/22,3,interference,2544
38791,19/10/22,0,interference,4834
38793,19/10/22,2,interference,2888
38980,20/10/22,1,interference,4681
38982,20/10/22,3,interference,2511
38983,20/10/22,0,interference,4794
38985,20/10/22,2,interference,2964
39172,21/10/22,1,interference,5170
39174,21/10/22,3,interference,2514
39175,21/10/22,0,interference,5093
39177,21/10/22,2,interference,2928
39364,22/10/22,1,interference,5238
39366,22/10/22,3,interference,2758
39367,22/10/22,0,interference,5623
39369,22/10/22,2,interference,3317
39556,23/10/22,1,interference,5708
39558,23/10/22,3,interference,2693
39559,23/10/22,0,interference,6015
39561,23/10/22,2,interference,3653
39748,24/10/22,1,interference,6098
39750,24/10/22,3,interference,2721
39751,24/10/22,0,interference,6236
39753,24/10/22,2,interference,3796
39940,25/10/22,1,interference,5798
39942,25/10/22,3,interference,2611
39943,25/10/22,0,interference,4883
39945,25/10/22,2,interference,3100
40132,26/10/22,1,interference,4668
40134,26/10/22,3,interference,2686
40135,26/10/22,0,interference,4912
40137,26/10/22,2,interference,2796
40324,27/10/22,1,interference,4653
40326,27/10/22,3,interference,2559
40327,27/10/22,0,interference,4940
40329,27/10/22,2,interference,2909
40516,28/10/22,1,interference,4865
40518,28/10/22,3,interference,2421
40519,28/10/22,0,interference,4983
40521,28/10/22,2,interference,3146
40708,29/10/22,1,interference,4736
40710,29/10/22,3,interference,2674
40711,29/10/22,0,interference,4727
40713,29/10/22,2,interference,3035
40900,30/10/22,1,interference,4461
40902,30/10/22,3,interference,2504
40903,30/10/22,0,interference,4703
40905,30/10/22,2,interference,2901
41092,31/10/22,1,interference,4641
41094,31/10/22,3,interference,2569
41095,31/10/22,0,interference,4644
41097,31/10/22,2,interference,2793
41284,01/11/22,1,interference,4992
41286,01/11/22,3,interference,2531
41287,01/11/22,0,interference,4618
41289,01/11/22,2,interference,2896
41476,02/11/22,1,interference,4827
41478,02/11/22,3,interference,2625
41479,02/11/22,0,interference,4975
41481,02/11/22,2,interference,3075
41668,03/11/22,1,interference,5329
41670,03/11/22,3,interference,2559
41671,03/11/22,0,interference,5506
41673,03/11/22,2,interference,3307
41860,04/11/22,1,interference,6251
41862,04/11/22,3,interference,2695
41863,04/11/22,0,interference,6114
41865,04/11/22,2,interference,3785
42052,05/11/22,1,interference,5724
42054,05/11/22,3,interference,2743
42055,05/11/22,0,interference,5044
42057,05/11/22,2,interference,3130
42244,06/11/22,1,interference,4982
42246,06/11/22,3,interference,2636
42247,06/11/22,0,interference,4767
42249,06/11/22,2,interference,2941
42444,07/11/22,1,interference,5963
42446,07/11/22,3,interference,2464
42447,07/11/22,0,interference,4817
42449,07/11/22,2,interference,3453
42636,08/11/22,1,interference,5373
42638,08/11/22,3,interference,2634
42639,08/11/22,0,interference,5643
42641,08/11/22,2,interference,3315
42828,09/11/22,1,interference,5463
42830,09/11/22,3,interference,2599
42831,09/11/22,0,interference,5397
42833,09/11/22,2,interference,3511
43020,10/11/22,1,interference,5462
43022,10/11/22,3,interference,2544
43023,10/11/22,0,interference,5753
43025,10/11/22,2,interference,3289
43212,11/11/22,1,interference,5262
43214,11/11/22,3,interference,2444
43215,11/11/22,0,interference,5352
43217,11/11/22,2,interference,3291
43404,12/11/22,1,interference,4715
43406,12/11/22,3,interference,2953
43407,12/11/22,0,interference,6190
43409,12/11/22,2,interference,3222
43596,13/11/22,1,interference,4986
43598,13/11/22,3,interference,2561
43599,13/11/22,0,interference,6551
43601,13/11/22,2,interference,3428
43788,14/11/22,1,interference,4909
43790,14/11/22,3,interference,2872
43791,14/11/22,0,interference,6151
43793,14/11/22,2,interference,3110
43980,15/11/22,1,interference,5120
43982,15/11/22,3,interference,2740
43983,15/11/22,0,interference,6331
43985,15/11/22,2,interference,3290
44172,16/11/22,1,interference,5366
44174,16/11/22,3,interference,2710
44175,16/11/22,0,interference,6589
44177,16/11/22,2,interference,3693
44364,17/11/22,1,interference,5405
44366,17/11/22,3,interference,2544
44367,17/11/22,0,interference,6592
44369,17/11/22,2,interference,3523
44556,18/11/22,1,interference,5057
44558,18/11/22,3,interference,2786
44559,18/11/22,0,interference,6043
44561,18/11/22,2,interference,3235
44748,19/11/22,1,interference,5097
44750,19/11/22,3,interference,2906
44751,19/11/22,0,interference,6714
44753,19/11/22,2,interference,3453
44940,20/11/22,1,interference,5402
44942,20/11/22,3,interference,2583
44943,20/11/22,0,interference,7354
44945,20/11/22,2,interference,3961
45132,21/11/22,1,interference,5422
45134,21/11/22,3,interference,2823
45135,21/11/22,0,interference,6236
45137,21/11/22,2,interference,3935
45324,22/11/22,1,interference,5744
45326,22/11/22,3,interference,2728
45327,22/11/22,0,interference,6191
45329,22/11/22,2,interference,3595
45516,23/11/22,1,interference,5334
45518,23/11/22,3,interference,2691
45519,23/11/22,0,interference,5855
45521,23/11/22,2,interference,3539
45708,24/11/22,1,interference,5042
45710,24/11/22,3,interference,2637
45711,24/11/22,0,interference,5223
45713,24/11/22,2,interference,3062
45900,25/11/22,1,interference,4869
45902,25/11/22,3,interference,2598
45903,25/11/22,0,interference,4875
45905,25/11/22,2,interference,2994
46092,26/11/22,1,interference,4686
46094,26/11/22,3,interference,2650
46095,26/11/22,0,interference,5444
46097,26/11/22,2,interference,3032
46284,27/11/22,1,interference,4817
46286,27/11/22,3,interference,2772
46287,27/11/22,0,interference,6022
46289,27/11/22,2,interference,3344
46476,28/11/22,1,interference,4516
46478,28/11/22,3,interference,2544
46479,28/11/22,0,interference,5380
46481,28/11/22,2,interference,3138
46668,29/11/22,1,interference,5001
46670,29/11/22,3,interference,2680
46671,29/11/22,0,interference,5551
46673,29/11/22,2,interference,2938
46860,30/11/22,1,interference,5589
46862,30/11/22,3,interference,2778
46863,30/11/22,0,interference,5434
46865,30/11/22,2,interference,2978
47052,01/12/22,1,interference,4809
47054,01/12/22,3,interference,2680
47055,01/12/22,0,interference,7063
47057,01/12/22,2,interference,3759
47244,02/12/22,1,interference,4778
47246,02/12/22,3,interference,2768
47247,02/12/22,0,interference,6557
47249,02/12/22,2,interference,3389
47436,03/12/22,1,interference,5340
47438,03/12/22,3,interference,2497
47439,03/12/22,0,interference,5548
47441,03/12/22,2,interference,3154
47628,04/12/22,1,interference,4695
47630,04/12/22,3,interference,2876
47631,04/12/22,0,interference,5976
47633,04/12/22,2,interference,3133
47820,05/12/22,1,interference,4738
47822,05/12/22,3,interference,2868
47823,05/12/22,0,interference,5834
47825,05/12/22,2,interference,3245
48012,06/12/22,1,interference,5200
48014,06/12/22,3,interference,2723
48015,06/12/22,0,interference,5632
48017,06/12/22,2,interference,2917
48204,07/12/22,1,interference,5490
48206,07/12/22,3,interference,2657
48207,07/12/22,0,interference,5486
48209,07/12/22,2,interference,3312
48396,08/12/22,1,interference,5682
48398,08/12/22,3,interference,2622
48399,08/12/22,0,interference,5265
48401,08/12/22,2,interference,3293
48588,09/12/22,1,interference,5484
48590,09/12/22,3,interference,2913
48591,09/12/22,0,interference,4963
48593,09/12/22,2,interference,3304
48780,10/12/22,1,interference,5205
48782,10/12/22,3,interference,2506
48783,10/12/22,0,interference,5151
48785,10/12/22,2,interference,3461
48972,11/12/22,1,interference,5498
48974,11/12/22,3,interference,2713
48975,11/12/22,0,interference,5133
48977,11/12/22,2,interference,3090
49164,12/12/22,1,interference,4883
49166,12/12/22,3,interference,2583
49167,12/12/22,0,interference,5111
49169,12/12/22,2,interference,2982
49356,13/12/22,1,interference,5245
49358,13/12/22,3,interference,2852
49359,13/12/22,0,interference,5408
49361,13/12/22,2,interference,3109
49548,14/12/22,1,interference,5197
49550,14/12/22,3,interference,3023
49551,14/12/22,0,interference,5642
49553,14/12/22,2,interference,2877
49740,15/12/22,1,interference,4756
49742,15/12/22,3,interference,3027
49743,15/12/22,0,interference,6269
49745,15/12/22,2,interference,3438
49932,16/12/22,1,interference,5203
49934,16/12/22,3,interference,3065
49935,16/12/22,0,interference,6598
49937,16/12/22,2,interference,3395
50124,17/12/22,1,interference,5054
50126,17/12/22,3,interference,2873
50127,17/12/22,0,interference,6747
50129,17/12/22,2,interference,3861
50316,18/12/22,1,interference,5582
50318,18/12/22,3,interference,2811
50319,18/12/22,0,interference,7694
50321,18/12/22,2,interference,4132
50508,19/12/22,1,interference,5005
50510,19/12/22,3,interference,2998
50511,19/12/22,0,interference,6327
50513,19/12/22,2,interference,3553
50700,20/12/22,1,interference,5269
50702,20/12/22,3,interference,3021
50703,20/12/22,0,interference,6587
50705,20/12/22,2,interference,3825
50892,21/12/22,1,interference,5398
50894,21/12/22,3,interference,2825
50895,21/12/22,0,interference,6798
50897,21/12/22,2,interference,3837
51084,22/12/22,1,interference,5747
51086,22/12/22,3,interference,2898
51087,22/12/22,0,interference,7696
51089,22/12/22,2,interference,4362
51276,23/12/22,1,interference,8071
51278,23/12/22,3,interference,2896
51279,23/12/22,0,interference,13027
51281,23/12/22,2,interference,6949
51468,24/12/22,1,interference,7232
51470,24/12/22,3,interference,2305
51471,24/12/22,0,interference,10525
51473,24/12/22,2,interference,6069
51660,25/12/22,1,interference,6469
51662,25/12/22,3,interference,2420
51663,25/12/22,0,interference,9898
51665,25/12/22,2,interference,5264
51852,26/12/22,1,interference,6017
51854,26/12/22,3,interference,2439
51855,26/12/22,0,interference,7791
51857,26/12/22,2,interference,4541
52044,27/12/22,1,interference,5069
52046,27/12/22,3,interference,2533
52047,27/12/22,0,interference,8221
52049,27/12/22,2,interference,4047
52236,28/12/22,1,interference,5402
52238,28/12/22,3,interference,2723
52239,28/12/22,0,interference,7498
52241,28/12/22,2,interference,4119
52428,29/12/22,1,interference,4618
52430,29/12/22,3,interference,2836
52431,29/12/22,0,interference,5476
52433,29/12/22,2,interference,3208
52620,30/12/22,1,interference,4684
52622,30/12/22,3,interference,2470
52623,30/12/22,0,interference,5063
52625,30/12/22,2,interference,2921
52812,31/12/22,1,interference,4572
52814,31/12/22,3,interference,2745
52815,31/12/22,0,interference,5660
52817,31/12/22,2,interference,3169
88340,01/07/22,2,topology,5325
88343,01/07/22,1,topology,10313
88344,01/07/22,3,topology,6088
88345,01/07/22,0,topology,11077
88484,02/07/22,2,topology,5100
88487,02/07/22,1,topology,8969
88488,02/07/22,3,topology,5188
88489,02/07/22,0,topology,10979
88628,03/07/22,2,topology,4769
88631,03/07/22,1,topology,8690
88632,03/07/22,3,topology,4615
88633,03/07/22,0,topology,10728
88772,04/07/22,2,topology,5060
88775,04/07/22,1,topology,8631
88776,04/07/22,3,topology,5469
88777,04/07/22,0,topology,11413
88916,05/07/22,2,topology,5603
88919,05/07/22,1,topology,9737
88920,05/07/22,3,topology,6195
88921,05/07/22,0,topology,11814
89060,06/07/22,2,topology,5396
89063,06/07/22,1,topology,10090
89064,06/07/22,3,topology,6700
89065,06/07/22,0,topology,11057
89204,07/07/22,2,topology,5906
89207,07/07/22,1,topology,9887
89208,07/07/22,3,topology,6358
89209,07/07/22,0,topology,10953
89348,08/07/22,2,topology,6063
89351,08/07/22,1,topology,10026
89352,08/07/22,3,topology,5684
89353,08/07/22,0,topology,11957
89492,09/07/22,2,topology,5618
89495,09/07/22,1,topology,8852
89496,09/07/22,3,topology,5734
89497,09/07/22,0,topology,12266
89636,10/07/22,2,topology,5378
89639,10/07/22,1,topology,8127
89640,10/07/22,3,topology,5128
89641,10/07/22,0,topology,12269
89780,11/07/22,2,topology,5743
89783,11/07/22,1,topology,9206
89784,11/07/22,3,topology,5682
89785,11/07/22,0,topology,10839
89924,12/07/22,2,topology,5320
89927,12/07/22,1,topology,10173
89928,12/07/22,3,topology,5648
89929,12/07/22,0,topology,12211
90068,13/07/22,2,topology,5424
90071,13/07/22,1,topology,10432
90072,13/07/22,3,topology,5225
90073,13/07/22,0,topology,11648
90212,14/07/22,2,topology,5243
90215,14/07/22,1,topology,9143
90216,14/07/22,3,topology,5350
90217,14/07/22,0,topology,11878
90356,15/07/22,2,topology,5758
90359,15/07/22,1,topology,9793
90360,15/07/22,3,topology,5771
90361,15/07/22,0,topology,11306
90500,16/07/22,2,topology,5964
90503,16/07/22,1,topology,8807
90504,16/07/22,3,topology,5477
90505,16/07/22,0,topology,10713
90644,17/07/22,2,topology,5713
90647,17/07/22,1,topology,9033
90648,17/07/22,3,topology,5544
90649,17/07/22,0,topology,10853
90788,18/07/22,2,topology,6007
90791,18/07/22,1,topology,9587
90792,18/07/22,3,topology,5039
90793,18/07/22,0,topology,11411
90932,19/07/22,2,topology,6853
90935,19/07/22,1,topology,11619
90936,19/07/22,3,topology,5585
90937,19/07/22,0,topology,11594
91076,20/07/22,2,topology,5442
91079,20/07/22,1,topology,12082
91080,20/07/22,3,topology,5977
91081,20/07/22,0,topology,11745
91220,21/07/22,2,topology,5918
91223,21/07/22,1,topology,10978
91224,21/07/22,3,topology,6163
91225,21/07/22,0,topology,12573
91364,22/07/22,2,topology,5634
91367,22/07/22,1,topology,11496
91368,22/07/22,3,topology,5873
91369,22/07/22,0,topology,11286
91508,23/07/22,2,topology,5877
91511,23/07/22,1,topology,11535
91512,23/07/22,3,topology,6368
91513,23/07/22,0,topology,10748
91652,24/07/22,2,topology,5166
91655,24/07/22,1,topology,9887
91656,24/07/22,3,topology,6321
91657,24/07/22,0,topology,11210
91796,25/07/22,2,topology,4977
91799,25/07/22,1,topology,10118
91800,25/07/22,3,topology,5720
91801,25/07/22,0,topology,11511
91940,26/07/22,2,topology,5089
91943,26/07/22,1,topology,9193
91944,26/07/22,3,topology,5042
91945,26/07/22,0,topology,11675
92084,27/07/22,2,topology,5188
92087,27/07/22,1,topology,10059
92088,27/07/22,3,topology,5157
92089,27/07/22,0,topology,12270
92228,28/07/22,2,topology,4917
92231,28/07/22,1,topology,10674
92232,28/07/22,3,topology,5344
92233,28/07/22,0,topology,11742
92372,29/07/22,2,topology,5075
92375,29/07/22,1,topology,9712
92376,29/07/22,3,topology,4847
92377,29/07/22,0,topology,10858
92516,30/07/22,2,topology,4963
92519,30/07/22,1,topology,9073
92520,30/07/22,3,topology,5066
92521,30/07/22,0,topology,10538
92660,31/07/22,2,topology,5578
92663,31/07/22,1,topology,8806
92664,31/07/22,3,topology,5170
92665,31/07/22,0,topology,10411
92804,01/08/22,2,topology,5346
92807,01/08/22,1,topology,9497
92808,01/08/22,3,topology,5292
92809,01/08/22,0,topology,10578
92948,02/08/22,2,topology,5290
92951,02/08/22,1,topology,9956
92952,02/08/22,3,topology,6116
92953,02/08/22,0,topology,11148
93092,03/08/22,2,topology,6412
93095,03/08/22,1,topology,10756
93096,03/08/22,3,topology,5968
93097,03/08/22,0,topology,10913
93236,04/08/22,2,topology,5611
93239,04/08/22,1,topology,10916
93240,04/08/22,3,topology,5537
93241,04/08/22,0,topology,10378
93380,05/08/22,2,topology,5666
93383,05/08/22,1,topology,10508
93384,05/08/22,3,topology,5492
93385,05/08/22,0,topology,10524
93524,06/08/22,2,topology,5845
93527,06/08/22,1,topology,10680
93528,06/08/22,3,topology,5650
93529,06/08/22,0,topology,10390
93668,07/08/22,2,topology,5318
93671,07/08/22,1,topology,11739
93672,07/08/22,3,topology,6047
93673,07/08/22,0,topology,10471
93812,08/08/22,2,topology,4750
93815,08/08/22,1,topology,10331
93816,08/08/22,3,topology,5720
93817,08/08/22,0,topology,11400
93956,09/08/22,2,topology,4928
93959,09/08/22,1,topology,10163
93960,09/08/22,3,topology,5749
93961,09/08/22,0,topology,11179
94100,10/08/22,2,topology,5423
94103,10/08/22,1,topology,9707
94104,10/08/22,3,topology,5312
94105,10/08/22,0,topology,11043
94244,11/08/22,2,topology,5555
94247,11/08/22,1,topology,10517
94248,11/08/22,3,topology,5420
94249,11/08/22,0,topology,10438
94388,12/08/22,2,topology,4976
94391,12/08/22,1,topology,9123
94392,12/08/22,3,topology,5154
94393,12/08/22,0,topology,10521
94532,13/08/22,2,topology,5037
94535,13/08/22,1,topology,8936
94536,13/08/22,3,topology,5078
94537,13/08/22,0,topology,10789
94676,14/08/22,2,topology,4789
94679,14/08/22,1,topology,8034
94680,14/08/22,3,topology,5094
94681,14/08/22,0,topology,10866
94820,15/08/22,2,topology,4640
94823,15/08/22,1,topology,8427
94824,15/08/22,3,topology,4572
94825,15/08/22,0,topology,10799
94964,16/08/22,2,topology,5224
94967,16/08/22,1,topology,9482
94968,16/08/22,3,topology,4947
94969,16/08/22,0,topology,10993
95108,17/08/22,2,topology,5231
95111,17/08/22,1,topology,9775
95112,17/08/22,3,topology,5004
95113,17/08/22,0,topology,10879
95252,18/08/22,2,topology,5657
95255,18/08/22,1,topology,9566
95256,18/08/22,3,topology,4797
95257,18/08/22,0,topology,10682
95396,19/08/22,2,topology,5115
95399,19/08/22,1,topology,10062
95400,19/08/22,3,topology,5252
95401,19/08/22,0,topology,9947
95540,20/08/22,2,topology,5035
95543,20/08/22,1,topology,10012
95544,20/08/22,3,topology,4862
95545,20/08/22,0,topology,9899
95684,21/08/22,2,topology,4951
95687,21/08/22,1,topology,8904
95688,21/08/22,3,topology,4752
95689,21/08/22,0,topology,10377
95828,22/08/22,2,topology,4878
95831,22/08/22,1,topology,9130
95832,22/08/22,3,topology,4539
95833,22/08/22,0,topology,10019
95972,23/08/22,2,topology,5065
95975,23/08/22,1,topology,9363
95976,23/08/22,3,topology,5201
95977,23/08/22,0,topology,10110
96116,24/08/22,2,topology,5193
96119,24/08/22,1,topology,10084
96120,24/08/22,3,topology,4919
96121,24/08/22,0,topology,9859
96260,25/08/22,2,topology,5413
96263,25/08/22,1,topology,10175
96264,25/08/22,3,topology,5117
96265,25/08/22,0,topology,9754
96404,26/08/22,2,topology,4874
96407,26/08/22,1,topology,10300
96408,26/08/22,3,topology,5328
96409,26/08/22,0,topology,10105
96548,27/08/22,2,topology,4778
96551,27/08/22,1,topology,9180
96552,27/08/22,3,topology,5239
96553,27/08/22,0,topology,10088
96692,28/08/22,2,topology,5102
96695,28/08/22,1,topology,8664
96696,28/08/22,3,topology,5367
96697,28/08/22,0,topology,10847
96836,29/08/22,2,topology,5047
96839,29/08/22,1,topology,10001
96840,29/08/22,3,topology,5457
96841,29/08/22,0,topology,10789
96980,30/08/22,2,topology,4812
96983,30/08/22,1,topology,10101
96984,30/08/22,3,topology,5100
96985,30/08/22,0,topology,10726
97124,31/08/22,2,topology,5138
97127,31/08/22,1,topology,9131
97128,31/08/22,3,topology,4757
97129,31/08/22,0,topology,10107
97268,01/09/22,2,topology,5342
97271,01/09/22,1,topology,9793
97272,01/09/22,3,topology,4926
97273,01/09/22,0,topology,10856
97412,02/09/22,2,topology,5847
97415,02/09/22,1,topology,10245
97416,02/09/22,3,topology,5182
97417,02/09/22,0,topology,10460
97556,03/09/22,2,topology,5315
97559,03/09/22,1,topology,9781
97560,03/09/22,3,topology,5334
97561,03/09/22,0,topology,9931
97700,04/09/22,2,topology,4448
97703,04/09/22,1,topology,9055
97704,04/09/22,3,topology,4605
97705,04/09/22,0,topology,9428
97844,05/09/22,2,topology,4533
97847,05/09/22,1,topology,7401
97848,05/09/22,3,topology,4439
97849,05/09/22,0,topology,9247
97988,06/09/22,2,topology,4682
97991,06/09/22,1,topology,8366
97992,06/09/22,3,topology,4484
97993,06/09/22,0,topology,9362
98132,07/09/22,2,topology,5383
98135,07/09/22,1,topology,8933
98136,07/09/22,3,topology,4897
98137,07/09/22,0,topology,9913
98276,08/09/22,2,topology,5868
98279,08/09/22,1,topology,9509
98280,08/09/22,3,topology,4902
98281,08/09/22,0,topology,9803
98420,09/09/22,2,topology,5765
98423,09/09/22,1,topology,9477
98424,09/09/22,3,topology,4825
98425,09/09/22,0,topology,9606
98564,10/09/22,2,topology,4490
98567,10/09/22,1,topology,9047
98568,10/09/22,3,topology,4941
98569,10/09/22,0,topology,9168
98708,11/09/22,2,topology,4533
98711,11/09/22,1,topology,8502
98712,11/09/22,3,topology,4696
98713,11/09/22,0,topology,9119
98852,12/09/22,2,topology,4506
98855,12/09/22,1,topology,8699
98856,12/09/22,3,topology,3913
98857,12/09/22,0,topology,9152
98996,13/09/22,2,topology,4390
98999,13/09/22,1,topology,8769
99000,13/09/22,3,topology,4429
99001,13/09/22,0,topology,9193
99140,14/09/22,2,topology,4684
99143,14/09/22,1,topology,8708
99144,14/09/22,3,topology,4533
99145,14/09/22,0,topology,8698
99284,15/09/22,2,topology,4556
99287,15/09/22,1,topology,8805
99288,15/09/22,3,topology,4576
99289,15/09/22,0,topology,8502
99428,16/09/22,2,topology,5107
99431,16/09/22,1,topology,9315
99432,16/09/22,3,topology,4860
99433,16/09/22,0,topology,9581
99572,17/09/22,2,topology,4578
99575,17/09/22,1,topology,9070
99576,17/09/22,3,topology,4774
99577,17/09/22,0,topology,9423
99716,18/09/22,2,topology,4916
99719,18/09/22,1,topology,8985
99720,18/09/22,3,topology,4701
99721,18/09/22,0,topology,10266
99860,19/09/22,2,topology,4247
99863,19/09/22,1,topology,9911
99864,19/09/22,3,topology,5259
99865,19/09/22,0,topology,10516
100004,20/09/22,2,topology,5111
100007,20/09/22,1,topology,9246
100008,20/09/22,3,topology,5574
100009,20/09/22,0,topology,10258
100148,21/09/22,2,topology,5195
100151,21/09/22,1,topology,9436
100152,21/09/22,3,topology,5684
100153,21/09/22,0,topology,10513
100292,22/09/22,2,topology,4509
100295,22/09/22,1,topology,9192
100296,22/09/22,3,topology,4789
100297,22/09/22,0,topology,10509
100436,23/09/22,2,topology,4271
100439,23/09/22,1,topology,8300
100440,23/09/22,3,topology,3925
100441,23/09/22,0,topology,9723
100580,24/09/22,2,topology,4245
100583,24/09/22,1,topology,8144
100584,24/09/22,3,topology,3826
100585,24/09/22,0,topology,10254
100724,25/09/22,2,topology,4350
100727,25/09/22,1,topology,7323
100728,25/09/22,3,topology,3978
100729,25/09/22,0,topology,9686
100868,26/09/22,2,topology,4048
100871,26/09/22,1,topology,7057
100872,26/09/22,3,topology,3907
100873,26/09/22,0,topology,9419
101012,27/09/22,2,topology,4379
101015,27/09/22,1,topology,8176
101016,27/09/22,3,topology,3994
101017,27/09/22,0,topology,8573
101156,28/09/22,2,topology,4300
101159,28/09/22,1,topology,7624
101160,28/09/22,3,topology,4042
101161,28/09/22,0,topology,8461
101300,29/09/22,2,topology,4619
101303,29/09/22,1,topology,7544
101304,29/09/22,3,topology,3995
101305,29/09/22,0,topology,8212
101444,30/09/22,2,topology,4267
101447,30/09/22,1,topology,8658
101448,30/09/22,3,topology,4086
101449,30/09/22,0,topology,8009
101588,01/10/22,2,topology,4499
101591,01/10/22,1,topology,8100
101592,01/10/22,3,topology,3845
101593,01/10/22,0,topology,7835
101732,02/10/22,2,topology,4389
101735,02/10/22,1,topology,6500
101736,02/10/22,3,topology,3811
101737,02/10/22,0,topology,7795
101876,03/10/22,2,topology,4356
101879,03/10/22,1,topology,7652
101880,03/10/22,3,topology,3873
101881,03/10/22,0,topology,7620
102020,04/10/22,2,topology,4555
102023,04/10/22,1,topology,8322
102024,04/10/22,3,topology,4171
102025,04/10/22,0,topology,8316
102164,05/10/22,2,topology,4595
102167,05/10/22,1,topology,8106
102168,05/10/22,3,topology,4267
102169,05/10/22,0,topology,8249
102308,06/10/22,2,topology,4388
102311,06/10/22,1,topology,8673
102312,06/10/22,3,topology,4166
102313,06/10/22,0,topology,7854
102452,07/10/22,2,topology,4515
102455,07/10/22,1,topology,8785
102456,07/10/22,3,topology,4356
102457,07/10/22,0,topology,8331
102596,08/10/22,2,topology,4478
102599,08/10/22,1,topology,8133
102600,08/10/22,3,topology,4203
102601,08/10/22,0,topology,8436
102740,09/10/22,2,topology,4218
102743,09/10/22,1,topology,7817
102744,09/10/22,3,topology,4022
102745,09/10/22,0,topology,8413
102884,10/10/22,2,topology,4292
102887,10/10/22,1,topology,8045
102888,10/10/22,3,topology,4010
102889,10/10/22,0,topology,7663
103028,11/10/22,2,topology,4532
103031,11/10/22,1,topology,8831
103032,11/10/22,3,topology,4525
103033,11/10/22,0,topology,7892
103172,12/10/22,2,topology,4815
103175,12/10/22,1,topology,8978
103176,12/10/22,3,topology,4049
103177,12/10/22,0,topology,8934
103316,13/10/22,2,topology,4461
103319,13/10/22,1,topology,8360
103320,13/10/22,3,topology,4152
103321,13/10/22,0,topology,9159
103460,14/10/22,2,topology,4714
103463,14/10/22,1,topology,7878
103464,14/10/22,3,topology,4249
103465,14/10/22,0,topology,7716
103604,15/10/22,2,topology,4980
103607,15/10/22,1,topology,7225
103608,15/10/22,3,topology,4078
103609,15/10/22,0,topology,7690
103748,16/10/22,2,topology,4567
103751,16/10/22,1,topology,7050
103752,16/10/22,3,topology,4250
103753,16/10/22,0,topology,8124
103892,17/10/22,2,topology,4545
103895,17/10/22,1,topology,7472
103896,17/10/22,3,topology,4071
103897,17/10/22,0,topology,8283
104036,18/10/22,2,topology,4928
104039,18/10/22,1,topology,7495
104040,18/10/22,3,topology,4895
104041,18/10/22,0,topology,7282
104180,19/10/22,2,topology,5226
104183,19/10/22,1,topology,7986
104184,19/10/22,3,topology,4838
104185,19/10/22,0,topology,8585
104324,20/10/22,2,topology,4709
104327,20/10/22,1,topology,8136
104328,20/10/22,3,topology,4966
104329,20/10/22,0,topology,7908
104468,21/10/22,2,topology,4556
104471,21/10/22,1,topology,8361
104472,21/10/22,3,topology,4582
104473,21/10/22,0,topology,7938
104612,22/10/22,2,topology,4411
104615,22/10/22,1,topology,7398
104616,22/10/22,3,topology,4286
104617,22/10/22,0,topology,7998
104756,23/10/22,2,topology,4647
104759,23/10/22,1,topology,6853
104760,23/10/22,3,topology,3862
104761,23/10/22,0,topology,8102
104900,24/10/22,2,topology,4427
104903,24/10/22,1,topology,6784
104904,24/10/22,3,topology,4240
104905,24/10/22,0,topology,7988
105044,25/10/22,2,topology,4533
105047,25/10/22,1,topology,8043
105048,25/10/22,3,topology,4301
105049,25/10/22,0,topology,8781
105188,26/10/22,2,topology,4925
105191,26/10/22,1,topology,7987
105192,26/10/22,3,topology,4608
105193,26/10/22,0,topology,7254
105332,27/10/22,2,topology,4931
105335,27/10/22,1,topology,7823
105336,27/10/22,3,topology,4276
105337,27/10/22,0,topology,7633
105476,28/10/22,2,topology,4915
105479,28/10/22,1,topology,7621
105480,28/10/22,3,topology,4567
105481,28/10/22,0,topology,7664
105620,29/10/22,2,topology,4770
105623,29/10/22,1,topology,7935
105624,29/10/22,3,topology,4326
105625,29/10/22,0,topology,7428
105764,30/10/22,2,topology,4445
105767,30/10/22,1,topology,7262
105768,30/10/22,3,topology,4072
105769,30/10/22,0,topology,7656
105908,31/10/22,2,topology,4481
105911,31/10/22,1,topology,7048
105912,31/10/22,3,topology,4088
105913,31/10/22,0,topology,7393
106052,01/11/22,2,topology,4399
106055,01/11/22,1,topology,8220
106056,01/11/22,3,topology,4456
106057,01/11/22,0,topology,7884
106196,02/11/22,2,topology,4450
106199,02/11/22,1,topology,8167
106200,02/11/22,3,topology,4237
106201,02/11/22,0,topology,7675
106340,03/11/22,2,topology,4585
106343,03/11/22,1,topology,8439
106344,03/11/22,3,topology,4007
106345,03/11/22,0,topology,8168
106484,04/11/22,2,topology,4684
106487,04/11/22,1,topology,7290
106488,04/11/22,3,topology,4407
106489,04/11/22,0,topology,7896
106628,05/11/22,2,topology,4707
106631,05/11/22,1,topology,8079
106632,05/11/22,3,topology,4183
106633,05/11/22,0,topology,9252
106772,06/11/22,2,topology,4690
106775,06/11/22,1,topology,6434
106776,06/11/22,3,topology,3884
106777,06/11/22,0,topology,8250
106916,07/11/22,2,topology,4674
106919,07/11/22,1,topology,7665
106920,07/11/22,3,topology,3978
106921,07/11/22,0,topology,8563
107060,08/11/22,2,topology,4875
107063,08/11/22,1,topology,9094
107064,08/11/22,3,topology,4500
107065,08/11/22,0,topology,9116
107204,09/11/22,2,topology,4807
107207,09/11/22,1,topology,8595
107208,09/11/22,3,topology,4478
107209,09/11/22,0,topology,8701
107348,10/11/22,2,topology,4787
107351,10/11/22,1,topology,8171
107352,10/11/22,3,topology,4498
107353,10/11/22,0,topology,8083
107492,11/11/22,2,topology,5375
107495,11/11/22,1,topology,8666
107496,11/11/22,3,topology,4377
107497,11/11/22,0,topology,8286
107636,12/11/22,2,topology,5073
107639,12/11/22,1,topology,7483
107640,12/11/22,3,topology,4895
107641,12/11/22,0,topology,8718
107780,13/11/22,2,topology,5050
107783,13/11/22,1,topology,8437
107784,13/11/22,3,topology,4838
107785,13/11/22,0,topology,10015
107924,14/11/22,2,topology,5031
107927,14/11/22,1,topology,8823
107928,14/11/22,3,topology,5396
107929,14/11/22,0,topology,9925
108068,15/11/22,2,topology,5198
108071,15/11/22,1,topology,9375
108072,15/11/22,3,topology,4977
108073,15/11/22,0,topology,9616
108212,16/11/22,2,topology,5409
108215,16/11/22,1,topology,9758
108216,16/11/22,3,topology,5044
108217,16/11/22,0,topology,10472
108356,17/11/22,2,topology,5325
108359,17/11/22,1,topology,9240
108360,17/11/22,3,topology,5437
108361,17/11/22,0,topology,10706
108500,18/11/22,2,topology,5836
108503,18/11/22,1,topology,9648
108504,18/11/22,3,topology,5278
108505,18/11/22,0,topology,11239
108644,19/11/22,2,topology,5544
108647,19/11/22,1,topology,8552
108648,19/11/22,3,topology,5949
108649,19/11/22,0,topology,10140
108788,20/11/22,2,topology,5742
108791,20/11/22,1,topology,8441
108792,20/11/22,3,topology,5662
108793,20/11/22,0,topology,10873
108932,21/11/22,2,topology,5371
108935,21/11/22,1,topology,8538
108936,21/11/22,3,topology,5026
108937,21/11/22,0,topology,11099
109076,22/11/22,2,topology,5594
109079,22/11/22,1,topology,9675
109080,22/11/22,3,topology,5020
109081,22/11/22,0,topology,9692
109220,23/11/22,2,topology,5205
109223,23/11/22,1,topology,9326
109224,23/11/22,3,topology,4766
109225,23/11/22,0,topology,9162
109364,24/11/22,2,topology,4852
109367,24/11/22,1,topology,8541
109368,24/11/22,3,topology,4398
109369,24/11/22,0,topology,8383
109508,25/11/22,2,topology,4830
109511,25/11/22,1,topology,7828
109512,25/11/22,3,topology,4292
109513,25/11/22,0,topology,7634
109652,26/11/22,2,topology,4906
109655,26/11/22,1,topology,8183
109656,26/11/22,3,topology,4558
109657,26/11/22,0,topology,7847
109796,27/11/22,2,topology,4983
109799,27/11/22,1,topology,7310
109800,27/11/22,3,topology,4510
109801,27/11/22,0,topology,8627
109940,28/11/22,2,topology,5070
109943,28/11/22,1,topology,8734
109944,28/11/22,3,topology,4596
109945,28/11/22,0,topology,8092
110084,29/11/22,2,topology,5102
110087,29/11/22,1,topology,9859
110088,29/11/22,3,topology,4888
110089,29/11/22,0,topology,8308
110228,30/11/22,2,topology,5841
110231,30/11/22,1,topology,8743
110232,30/11/22,3,topology,4882
110233,30/11/22,0,topology,9049
110372,01/12/22,2,topology,5964
110375,01/12/22,1,topology,9282
110376,01/12/22,3,topology,5501
110377,01/12/22,0,topology,9517
110516,02/12/22,2,topology,5229
110519,02/12/22,1,topology,8871
110520,02/12/22,3,topology,4874
110521,02/12/22,0,topology,9591
110660,03/12/22,2,topology,5488
110663,03/12/22,1,topology,9023
110664,03/12/22,3,topology,4790
110665,03/12/22,0,topology,8231
110804,04/12/22,2,topology,5634
110807,04/12/22,1,topology,8325
110808,04/12/22,3,topology,5070
110809,04/12/22,0,topology,9054
110948,05/12/22,2,topology,5117
110951,05/12/22,1,topology,8522
110952,05/12/22,3,topology,5235
110953,05/12/22,0,topology,8806
111092,06/12/22,2,topology,6017
111095,06/12/22,1,topology,8930
111096,06/12/22,3,topology,5017
111097,06/12/22,0,topology,8854
111236,07/12/22,2,topology,5997
111239,07/12/22,1,topology,9257
111240,07/12/22,3,topology,4777
111241,07/12/22,0,topology,8720
111380,08/12/22,2,topology,6271
111383,08/12/22,1,topology,9205
111384,08/12/22,3,topology,4678
111385,08/12/22,0,topology,8754
111524,09/12/22,2,topology,5896
111527,09/12/22,1,topology,8687
111528,09/12/22,3,topology,5033
111529,09/12/22,0,topology,8602
111668,10/12/22,2,topology,5492
111671,10/12/22,1,topology,8325
111672,10/12/22,3,topology,4901
111673,10/12/22,0,topology,9012
111812,11/12/22,2,topology,5452
111815,11/12/22,1,topology,8011
111816,11/12/22,3,topology,4872
111817,11/12/22,0,topology,8593
111956,12/12/22,2,topology,5413
111959,12/12/22,1,topology,8634
111960,12/12/22,3,topology,4939
111961,12/12/22,0,topology,8012
112100,13/12/22,2,topology,5388
112103,13/12/22,1,topology,9546
112104,13/12/22,3,topology,5007
112105,13/12/22,0,topology,8980
112244,14/12/22,2,topology,5391
112247,14/12/22,1,topology,9502
112248,14/12/22,3,topology,4641
112249,14/12/22,0,topology,8264
112388,15/12/22,2,topology,5488
112391,15/12/22,1,topology,9853
112392,15/12/22,3,topology,5071
112393,15/12/22,0,topology,8470
112532,16/12/22,2,topology,5550
112535,16/12/22,1,topology,8197
112536,16/12/22,3,topology,5570
112537,16/12/22,0,topology,10023
112676,17/12/22,2,topology,5334
112679,17/12/22,1,topology,8674
112680,17/12/22,3,topology,5291
112681,17/12/22,0,topology,9875
112820,18/12/22,2,topology,6053
112823,18/12/22,1,topology,8286
112824,18/12/22,3,topology,5506
112825,18/12/22,0,topology,10842
112964,19/12/22,2,topology,6068
112967,19/12/22,1,topology,9144
112968,19/12/22,3,topology,5663
112969,19/12/22,0,topology,10807
113108,20/12/22,2,topology,5913
113111,20/12/22,1,topology,9842
113112,20/12/22,3,topology,5429
113113,20/12/22,0,topology,10689
113252,21/12/22,2,topology,6629
113255,21/12/22,1,topology,10058
113256,21/12/22,3,topology,6014
113257,21/12/22,0,topology,10663
113396,22/12/22,2,topology,6696
113399,22/12/22,1,topology,9850
113400,22/12/22,3,topology,5938
113401,22/12/22,0,topology,10526
113540,23/12/22,2,topology,6787
113543,23/12/22,1,topology,9180
113544,23/12/22,3,topology,7021
113545,23/12/22,0,topology,13823
113684,24/12/22,2,topology,6807
113687,24/12/22,1,topology,9111
113688,24/12/22,3,topology,7222
113689,24/12/22,0,topology,15377
113828,25/12/22,2,topology,6353
113831,25/12/22,1,topology,8633
113832,25/12/22,3,topology,6406
113833,25/12/22,0,topology,13319
113972,26/12/22,2,topology,5640
113975,26/12/22,1,topology,9118
113976,26/12/22,3,topology,5436
113977,26/12/22,0,topology,12201
114116,27/12/22,2,topology,6121
114119,27/12/22,1,topology,9389
114120,27/12/22,3,topology,5935
114121,27/12/22,0,topology,10649
114260,28/12/22,2,topology,5604
114263,28/12/22,1,topology,9607
114264,28/12/22,3,topology,5824
114265,28/12/22,0,topology,11382
114404,29/12/22,2,topology,5564
114407,29/12/22,1,topology,8596
114408,29/12/22,3,topology,4995
114409,29/12/22,0,topology,8001
114548,30/12/22,2,topology,5615
114551,30/12/22,1,topology,7665
114552,30/12/22,3,topology,4319
114553,30/12/22,0,topology,8295
114692,31/12/22,2,topology,5583
114695,31/12/22,1,topology,8102
114696,31/12/22,3,topology,4956
114697,31/12/22,0,topology,8193
163424,01/07/22,0,link,7902
163426,01/07/22,3,link,4111
163428,01/07/22,2,link,7305
163431,01/07/22,1,link,7035
163904,02/07/22,0,link,7133
163906,02/07/22,3,link,3900
163908,02/07/22,2,link,5564
163911,02/07/22,1,link,7307
164384,03/07/22,0,link,6894
164386,03/07/22,3,link,3570
164388,03/07/22,2,link,5460
164391,03/07/22,1,link,7330
164864,04/07/22,0,link,6903
164866,04/07/22,3,link,3307
164868,04/07/22,2,link,6101
164871,04/07/22,1,link,6605
165344,05/07/22,0,link,7245
165346,05/07/22,3,link,3996
165348,05/07/22,2,link,6205
165351,05/07/22,1,link,6533
165824,06/07/22,0,link,7794
165826,06/07/22,3,link,4568
165828,06/07/22,2,link,6514
165831,06/07/22,1,link,6978
166304,07/07/22,0,link,7462
166306,07/07/22,3,link,3842
166308,07/07/22,2,link,5782
166311,07/07/22,1,link,7684
166784,08/07/22,0,link,7474
166786,08/07/22,3,link,3864
166788,08/07/22,2,link,6513
166791,08/07/22,1,link,7281
167264,09/07/22,0,link,6832
167266,09/07/22,3,link,3725
167268,09/07/22,2,link,5377
167271,09/07/22,1,link,7228
167744,10/07/22,0,link,6293
167746,10/07/22,3,link,3468
167748,10/07/22,2,link,5241
167751,10/07/22,1,link,6287
168224,11/07/22,0,link,7118
168226,11/07/22,3,link,3421
168228,11/07/22,2,link,5989
168231,11/07/22,1,link,5894
168704,12/07/22,0,link,7598
168706,12/07/22,3,link,4439
168708,12/07/22,2,link,6484
168711,12/07/22,1,link,5928
169184,13/07/22,0,link,7137
169186,13/07/22,3,link,3833
169188,13/07/22,2,link,6041
169191,13/07/22,1,link,6796
169664,14/07/22,0,link,7312
169666,14/07/22,3,link,3681
169668,14/07/22,2,link,5585
169671,14/07/22,1,link,6403
170144,15/07/22,0,link,7563
170146,15/07/22,3,link,3640
170148,15/07/22,2,link,5934
170151,15/07/22,1,link,6660
170624,16/07/22,0,link,7030
170626,16/07/22,3,link,3556
170628,16/07/22,2,link,5426
170631,16/07/22,1,link,6330
171104,17/07/22,0,link,7022
171106,17/07/22,3,link,3829
171108,17/07/22,2,link,5435
171111,17/07/22,1,link,6310
171584,18/07/22,0,link,6794
171586,18/07/22,3,link,3554
171588,18/07/22,2,link,5376
171591,18/07/22,1,link,6736
172064,19/07/22,0,link,7600
172066,19/07/22,3,link,4069
172068,19/07/22,2,link,7138
172071,19/07/22,1,link,7724
172544,20/07/22,0,link,8296
172546,20/07/22,3,link,4527
172548,20/07/22,2,link,7683
172551,20/07/22,1,link,7150
173024,21/07/22,0,link,8579
173026,21/07/22,3,link,4527
173028,21/07/22,2,link,6735
173031,21/07/22,1,link,8146
173504,22/07/22,0,link,8160
173506,22/07/22,3,link,4495
173508,22/07/22,2,link,7509
173511,22/07/22,1,link,6901
173984,23/07/22,0,link,8257
173986,23/07/22,3,link,4346
173988,23/07/22,2,link,7309
173991,23/07/22,1,link,7403
174464,24/07/22,0,link,7263
174466,24/07/22,3,link,4064
174468,24/07/22,2,link,6603
174471,24/07/22,1,link,7152
174944,25/07/22,0,link,8395
174946,25/07/22,3,link,4301
174948,25/07/22,2,link,5832
174951,25/07/22,1,link,7953
175424,26/07/22,0,link,7376
175426,26/07/22,3,link,3824
175428,26/07/22,2,link,5575
175431,26/07/22,1,link,7150
175904,27/07/22,0,link,7006
175906,27/07/22,3,link,3795
175908,27/07/22,2,link,5878
175911,27/07/22,1,link,6520
176384,28/07/22,0,link,7942
176386,28/07/22,3,link,3920
176388,28/07/22,2,link,5822
176391,28/07/22,1,link,7276
176864,29/07/22,0,link,7657
176866,29/07/22,3,link,4161
176868,29/07/22,2,link,5665
176871,29/07/22,1,link,7440
177344,30/07/22,0,link,6890
177346,30/07/22,3,link,3495
177348,30/07/22,2,link,5686
177351,30/07/22,1,link,6924
177824,31/07/22,0,link,6487
177826,31/07/22,3,link,3440
177828,31/07/22,2,link,5782
177831,31/07/22,1,link,6487
178304,01/08/22,0,link,7179
178306,01/08/22,3,link,3703
178308,01/08/22,2,link,6275
178311,01/08/22,1,link,6446
178784,02/08/22,0,link,7604
178786,02/08/22,3,link,4184
178788,02/08/22,2,link,6387
178791,02/08/22,1,link,7022
179264,03/08/22,0,link,7431
179266,03/08/22,3,link,4038
179268,03/08/22,2,link,6965
179271,03/08/22,1,link,7327
179744,04/08/22,0,link,7837
179746,04/08/22,3,link,4690
179748,04/08/22,2,link,6693
179751,04/08/22,1,link,7505
180224,05/08/22,0,link,8147
180226,05/08/22,3,link,4181
180228,05/08/22,2,link,5931
180231,05/08/22,1,link,7266
180704,06/08/22,0,link,7393
180706,06/08/22,3,link,4202
180708,06/08/22,2,link,6836
180711,06/08/22,1,link,6546
181184,07/08/22,0,link,7572
181186,07/08/22,3,link,4491
181188,07/08/22,2,link,8076
181191,07/08/22,1,link,6901
181664,08/08/22,0,link,7631
181666,08/08/22,3,link,4277
181668,08/08/22,2,link,6641
181671,08/08/22,1,link,7548
182144,09/08/22,0,link,8452
182146,09/08/22,3,link,4617
182148,09/08/22,2,link,5276
182151,09/08/22,1,link,7730
182624,10/08/22,0,link,7416
182626,10/08/22,3,link,3841
182628,10/08/22,2,link,5157
182631,10/08/22,1,link,7912
183104,11/08/22,0,link,6843
183106,11/08/22,3,link,3802
183108,11/08/22,2,link,6337
183111,11/08/22,1,link,6539
183584,12/08/22,0,link,6920
183586,12/08/22,3,link,3674
183588,12/08/22,2,link,5602
183591,12/08/22,1,link,6760
184064,13/08/22,0,link,6279
184066,13/08/22,3,link,3303
184068,13/08/22,2,link,5301
184071,13/08/22,1,link,5709
184544,14/08/22,0,link,6215
184546,14/08/22,3,link,3208
184548,14/08/22,2,link,5480
184551,14/08/22,1,link,6005
185024,15/08/22,0,link,6427
185026,15/08/22,3,link,3314
185028,15/08/22,2,link,4943
185031,15/08/22,1,link,6063
185504,16/08/22,0,link,6573
185506,16/08/22,3,link,3769
185508,16/08/22,2,link,5639
185511,16/08/22,1,link,5399
185984,17/08/22,0,link,6822
185986,17/08/22,3,link,3502
185988,17/08/22,2,link,5423
185991,17/08/22,1,link,5786
186464,18/08/22,0,link,6386
186466,18/08/22,3,link,3714
186468,18/08/22,2,link,5713
186471,18/08/22,1,link,5943
186944,19/08/22,0,link,6805
186946,19/08/22,3,link,3745
186948,19/08/22,2,link,5709
186951,19/08/22,1,link,6312
187424,20/08/22,0,link,6806
187426,20/08/22,3,link,3866
187428,20/08/22,2,link,6303
187431,20/08/22,1,link,6724
187904,21/08/22,0,link,6788
187906,21/08/22,3,link,3581
187908,21/08/22,2,link,5008
187911,21/08/22,1,link,6311
188384,22/08/22,0,link,6825
188386,22/08/22,3,link,3491
188388,22/08/22,2,link,4919
188391,22/08/22,1,link,6110
188864,23/08/22,0,link,6734
188866,23/08/22,3,link,3637
188868,23/08/22,2,link,5386
188871,23/08/22,1,link,6781
189344,24/08/22,0,link,6687
189346,24/08/22,3,link,3581
189348,24/08/22,2,link,5919
189351,24/08/22,1,link,6557
189824,25/08/22,0,link,7194
189826,25/08/22,3,link,3938
189828,25/08/22,2,link,5917
189831,25/08/22,1,link,6442
190304,26/08/22,0,link,7319
190306,26/08/22,3,link,4088
190308,26/08/22,2,link,5872
190311,26/08/22,1,link,7063
190784,27/08/22,0,link,6784
190786,27/08/22,3,link,3691
190788,27/08/22,2,link,5134
190791,27/08/22,1,link,6758
191264,28/08/22,0,link,6398
191266,28/08/22,3,link,3534
191268,28/08/22,2,link,5367
191271,28/08/22,1,link,6474
191744,29/08/22,0,link,7363
191746,29/08/22,3,link,4209
191748,29/08/22,2,link,6442
191751,29/08/22,1,link,6718
192224,30/08/22,0,link,7392
192226,30/08/22,3,link,4142
192228,30/08/22,2,link,5926
192231,30/08/22,1,link,6816
192704,31/08/22,0,link,7004
192706,31/08/22,3,link,3667
192708,31/08/22,2,link,5161
192711,31/08/22,1,link,6814
193184,01/09/22,0,link,6457
193186,01/09/22,3,link,3681
193188,01/09/22,2,link,6333
193191,01/09/22,1,link,6003
193664,02/09/22,0,link,7066
193666,02/09/22,3,link,3711
193668,02/09/22,2,link,6354
193671,02/09/22,1,link,6446
194144,03/09/22,0,link,6744
194146,03/09/22,3,link,3911
194148,03/09/22,2,link,6151
194151,03/09/22,1,link,6324
194624,04/09/22,0,link,6377
194626,04/09/22,3,link,3796
194628,04/09/22,2,link,5519
194631,04/09/22,1,link,6697
195104,05/09/22,0,link,6518
195106,05/09/22,3,link,3477
195108,05/09/22,2,link,5036
195111,05/09/22,1,link,6651
195584,06/09/22,0,link,6693
195586,06/09/22,3,link,3389
195588,06/09/22,2,link,4764
195591,06/09/22,1,link,6628
196064,07/09/22,0,link,6539
196066,07/09/22,3,link,3608
196068,07/09/22,2,link,5496
196071,07/09/22,1,link,6510
196544,08/09/22,0,link,6265
196546,08/09/22,3,link,3494
196548,08/09/22,2,link,5162
196551,08/09/22,1,link,6530
197024,09/09/22,0,link,6859
197026,09/09/22,3,link,3367
197028,09/09/22,2,link,5634
197031,09/09/22,1,link,5724
197504,10/09/22,0,link,6759
197506,10/09/22,3,link,3511
197508,10/09/22,2,link,5441
197511,10/09/22,1,link,5831
197984,11/09/22,0,link,6377
197986,11/09/22,3,link,3517
197988,11/09/22,2,link,5259
197991,11/09/22,1,link,6052
198464,12/09/22,0,link,6885
198466,12/09/22,3,link,3357
198468,12/09/22,2,link,4428
198471,12/09/22,1,link,6096
198944,13/09/22,0,link,6405
198946,13/09/22,3,link,3251
198948,13/09/22,2,link,4745
198951,13/09/22,1,link,6820
199424,14/09/22,0,link,6343
199426,14/09/22,3,link,3307
199428,14/09/22,2,link,4747
199431,14/09/22,1,link,5770
199904,15/09/22,0,link,6044
199906,15/09/22,3,link,3624
199908,15/09/22,2,link,5167
199911,15/09/22,1,link,5777
200384,16/09/22,0,link,6139
200386,16/09/22,3,link,3431
200388,16/09/22,2,link,5338
200391,16/09/22,1,link,5440
200864,17/09/22,0,link,6028
200866,17/09/22,3,link,3351
200868,17/09/22,2,link,5783
200871,17/09/22,1,link,5760
201344,18/09/22,0,link,6104
201346,18/09/22,3,link,3471
201348,18/09/22,2,link,5414
201351,18/09/22,1,link,5844
201824,19/09/22,0,link,6232
201826,19/09/22,3,link,3499
201828,19/09/22,2,link,5923
201831,19/09/22,1,link,5572
202304,20/09/22,0,link,6958
202306,20/09/22,3,link,3594
202308,20/09/22,2,link,5280
202311,20/09/22,1,link,6219
202784,21/09/22,0,link,7046
202786,21/09/22,3,link,3631
202788,21/09/22,2,link,6220
202791,21/09/22,1,link,5724
203264,22/09/22,0,link,7070
203266,22/09/22,3,link,3848
203268,22/09/22,2,link,5338
203271,22/09/22,1,link,6188
203744,23/09/22,0,link,6322
203746,23/09/22,3,link,3131
203748,23/09/22,2,link,4301
203751,23/09/22,1,link,5633
204224,24/09/22,0,link,5592
204226,24/09/22,3,link,3003
204228,24/09/22,2,link,4231
204231,24/09/22,1,link,5208
204704,25/09/22,0,link,5861
204706,25/09/22,3,link,2810
204708,25/09/22,2,link,4130
204711,25/09/22,1,link,5379
205184,26/09/22,0,link,6104
205186,26/09/22,3,link,2916
205188,26/09/22,2,link,4333
205191,26/09/22,1,link,5154
205664,27/09/22,0,link,6285
205666,27/09/22,3,link,3220
205668,27/09/22,2,link,4526
205671,27/09/22,1,link,5327
206144,28/09/22,0,link,6231
206146,28/09/22,3,link,3140
206148,28/09/22,2,link,4583
206151,28/09/22,1,link,5374
206624,29/09/22,0,link,6222
206626,29/09/22,3,link,3136
206628,29/09/22,2,link,4328
206631,29/09/22,1,link,5282
207104,30/09/22,0,link,6064
207106,30/09/22,3,link,3308
207108,30/09/22,2,link,4354
207111,30/09/22,1,link,5360
207584,01/10/22,0,link,6073
207586,01/10/22,3,link,2964
207588,01/10/22,2,link,4487
207591,01/10/22,1,link,5000
208064,02/10/22,0,link,5907
208066,02/10/22,3,link,3000
208068,02/10/22,2,link,4286
208071,02/10/22,1,link,5098
208544,03/10/22,0,link,5711
208546,03/10/22,3,link,2881
208548,03/10/22,2,link,4089
208551,03/10/22,1,link,5169
209024,04/10/22,0,link,6178
209026,04/10/22,3,link,3078
209028,04/10/22,2,link,4544
209031,04/10/22,1,link,5192
209504,05/10/22,0,link,6310
209506,05/10/22,3,link,3157
209508,05/10/22,2,link,4345
209511,05/10/22,1,link,5599
209984,06/10/22,0,link,6174
209986,06/10/22,3,link,3047
209988,06/10/22,2,link,4683
209991,06/10/22,1,link,5025
210464,07/10/22,0,link,6090
210466,07/10/22,3,link,3049
210468,07/10/22,2,link,4615
210471,07/10/22,1,link,5198
210944,08/10/22,0,link,6168
210946,08/10/22,3,link,3044
210948,08/10/22,2,link,4458
210951,08/10/22,1,link,5317
211424,09/10/22,0,link,5624
211426,09/10/22,3,link,3083
211428,09/10/22,2,link,4008
211431,09/10/22,1,link,5104
211904,10/10/22,0,link,5999
211906,10/10/22,3,link,3160
211908,10/10/22,2,link,4011
211911,10/10/22,1,link,5418
212384,11/10/22,0,link,6041
212386,11/10/22,3,link,3154
212388,11/10/22,2,link,4465
212391,11/10/22,1,link,5206
212864,12/10/22,0,link,5887
212866,12/10/22,3,link,3103
212868,12/10/22,2,link,4333
212871,12/10/22,1,link,5488
213344,13/10/22,0,link,6075
213346,13/10/22,3,link,3219
213348,13/10/22,2,link,4341
213351,13/10/22,1,link,5407
213824,14/10/22,0,link,5983
213826,14/10/22,3,link,3398
213828,14/10/22,2,link,4691
213831,14/10/22,1,link,5050
214304,15/10/22,0,link,6263
214306,15/10/22,3,link,3079
214308,15/10/22,2,link,4477
214311,15/10/22,1,link,5136
214784,16/10/22,0,link,5959
214786,16/10/22,3,link,2958
214788,16/10/22,2,link,4263
214791,16/10/22,1,link,5347
215264,17/10/22,0,link,5800
215266,17/10/22,3,link,2906
215268,17/10/22,2,link,4462
215271,17/10/22,1,link,5414
215744,18/10/22,0,link,6638
215746,18/10/22,3,link,3429
215748,18/10/22,2,link,4762
215751,18/10/22,1,link,5173
216224,19/10/22,0,link,7297
216226,19/10/22,3,link,3441
216228,19/10/22,2,link,4748
216231,19/10/22,1,link,6003
216704,20/10/22,0,link,7003
216706,20/10/22,3,link,3475
216708,20/10/22,2,link,4777
216711,20/10/22,1,link,6237
217184,21/10/22,0,link,7110
217186,21/10/22,3,link,3348
217188,21/10/22,2,link,4888
217191,21/10/22,1,link,5541
217664,22/10/22,0,link,6329
217666,22/10/22,3,link,3121
217668,22/10/22,2,link,4325
217671,22/10/22,1,link,5604
218144,23/10/22,0,link,5509
218146,23/10/22,3,link,2965
218148,23/10/22,2,link,4575
218151,23/10/22,1,link,5297
218624,24/10/22,0,link,5863
218626,24/10/22,3,link,2945
218628,24/10/22,2,link,4501
218631,24/10/22,1,link,5242
219104,25/10/22,0,link,6078
219106,25/10/22,3,link,3057
219108,25/10/22,2,link,4807
219111,25/10/22,1,link,5175
219584,26/10/22,0,link,6176
219586,26/10/22,3,link,3335
219588,26/10/22,2,link,4331
219591,26/10/22,1,link,5078
220064,27/10/22,0,link,6128
220066,27/10/22,3,link,3236
220068,27/10/22,2,link,4781
220071,27/10/22,1,link,5510
220544,28/10/22,0,link,6105
220546,28/10/22,3,link,3486
220548,28/10/22,2,link,4733
220551,28/10/22,1,link,5587
221024,29/10/22,0,link,6248
221026,29/10/22,3,link,3244
221028,29/10/22,2,link,4386
221031,29/10/22,1,link,5295
221504,30/10/22,0,link,6069
221506,30/10/22,3,link,3108
221508,30/10/22,2,link,4376
221511,30/10/22,1,link,5532
221984,31/10/22,0,link,5590
221986,31/10/22,3,link,2929
221988,31/10/22,2,link,4256
221991,31/10/22,1,link,5338
222464,01/11/22,0,link,6214
222466,01/11/22,3,link,2956
222468,01/11/22,2,link,4358
222471,01/11/22,1,link,5507
222944,02/11/22,0,link,5858
222946,02/11/22,3,link,3035
222948,02/11/22,2,link,4628
222951,02/11/22,1,link,5351
223424,03/11/22,0,link,6240
223426,03/11/22,3,link,3291
223428,03/11/22,2,link,4586
223431,03/11/22,1,link,5124
223904,04/11/22,0,link,6193
223906,04/11/22,3,link,3197
223908,04/11/22,2,link,4602
223911,04/11/22,1,link,5523
224384,05/11/22,0,link,0
224386,05/11/22,3,link,0
224388,05/11/22,2,link,0
224391,05/11/22,1,link,0
224864,06/11/22,0,link,5391
224866,06/11/22,3,link,2976
224868,06/11/22,2,link,4502
224871,06/11/22,1,link,5342
225364,07/11/22,0,link,5713
225366,07/11/22,3,link,2929
225368,07/11/22,2,link,4032
225371,07/11/22,1,link,5609
225844,08/11/22,0,link,6145
225846,08/11/22,3,link,3083
225848,08/11/22,2,link,4821
225851,08/11/22,1,link,5114
226324,09/11/22,0,link,6240
226326,09/11/22,3,link,3353
226328,09/11/22,2,link,4474
226331,09/11/22,1,link,5394
226804,10/11/22,0,link,6185
226806,10/11/22,3,link,3277
226808,10/11/22,2,link,4508
226811,10/11/22,1,link,5569
227284,11/11/22,0,link,5581
227286,11/11/22,3,link,3074
227288,11/11/22,2,link,4644
227291,11/11/22,1,link,5305
227764,12/11/22,0,link,5802
227766,12/11/22,3,link,3121
227768,12/11/22,2,link,4809
227771,12/11/22,1,link,5491
228244,13/11/22,0,link,6295
228246,13/11/22,3,link,3311
228248,13/11/22,2,link,4638
228251,13/11/22,1,link,5014
228724,14/11/22,0,link,7062
228726,14/11/22,3,link,3369
228728,14/11/22,2,link,4839
228731,14/11/22,1,link,6253
229204,15/11/22,0,link,7088
229206,15/11/22,3,link,3736
229208,15/11/22,2,link,5151
229211,15/11/22,1,link,6838
229684,16/11/22,0,link,6962
229686,16/11/22,3,link,3588
229688,16/11/22,2,link,4847
229691,16/11/22,1,link,6215
230164,17/11/22,0,link,7322
230166,17/11/22,3,link,3599
230168,17/11/22,2,link,5030
230171,17/11/22,1,link,6526
230644,18/11/22,0,link,7788
230646,18/11/22,3,link,3913
230648,18/11/22,2,link,5501
230651,18/11/22,1,link,7313
231124,19/11/22,0,link,8079
231126,19/11/22,3,link,3874
231128,19/11/22,2,link,5339
231131,19/11/22,1,link,7024
231604,20/11/22,0,link,7606
231606,20/11/22,3,link,3832
231608,20/11/22,2,link,5691
231611,20/11/22,1,link,6808
232084,21/11/22,0,link,8528
232086,21/11/22,3,link,3916
232088,21/11/22,2,link,5462
232091,21/11/22,1,link,7270
232564,22/11/22,0,link,8024
232566,22/11/22,3,link,3618
232568,22/11/22,2,link,5254
232571,22/11/22,1,link,6756
233044,23/11/22,0,link,7531
233046,23/11/22,3,link,3630
233048,23/11/22,2,link,5270
233051,23/11/22,1,link,6541
233524,24/11/22,0,link,6960
233526,24/11/22,3,link,3203
233528,24/11/22,2,link,4670
233531,24/11/22,1,link,6588
234004,25/11/22,0,link,5772
234006,25/11/22,3,link,2932
234008,25/11/22,2,link,4347
234011,25/11/22,1,link,5922
234484,26/11/22,0,link,6544
234486,26/11/22,3,link,3263
234488,26/11/22,2,link,4415
234491,26/11/22,1,link,5922
234964,27/11/22,0,link,6067
234966,27/11/22,3,link,3218
234968,27/11/22,2,link,4214
234971,27/11/22,1,link,6210
235444,28/11/22,0,link,6326
235446,28/11/22,3,link,3330
235448,28/11/22,2,link,4670
235451,28/11/22,1,link,5468
235924,29/11/22,0,link,7207
235926,29/11/22,3,link,3693
235928,29/11/22,2,link,4821
235931,29/11/22,1,link,5880
236404,30/11/22,0,link,6839
236406,30/11/22,3,link,3469
236408,30/11/22,2,link,5131
236411,30/11/22,1,link,6130
236884,01/12/22,0,link,7896
236886,01/12/22,3,link,4030
236888,01/12/22,2,link,5800
236891,01/12/22,1,link,6368
237364,02/12/22,0,link,8208
237366,02/12/22,3,link,4026
237368,02/12/22,2,link,5512
237371,02/12/22,1,link,7717
237844,03/12/22,0,link,6874
237846,03/12/22,3,link,3499
237848,03/12/22,2,link,4759
237851,03/12/22,1,link,6164
238324,04/12/22,0,link,7130
238326,04/12/22,3,link,3522
238328,04/12/22,2,link,5121
238331,04/12/22,1,link,5874
238804,05/12/22,0,link,7590
238806,05/12/22,3,link,3607
238808,05/12/22,2,link,5328
238811,05/12/22,1,link,7341
239284,06/12/22,0,link,6728
239286,06/12/22,3,link,3646
239288,06/12/22,2,link,4867
239291,06/12/22,1,link,6482
239764,07/12/22,0,link,6286
239766,07/12/22,3,link,3679
239768,07/12/22,2,link,5012
239771,07/12/22,1,link,6035
240244,08/12/22,0,link,6382
240246,08/12/22,3,link,3458
240248,08/12/22,2,link,5261
240251,08/12/22,1,link,5400
240724,09/12/22,0,link,6592
240726,09/12/22,3,link,3610
240728,09/12/22,2,link,5457
240731,09/12/22,1,link,5847
241204,10/12/22,0,link,6646
241206,10/12/22,3,link,3660
241208,10/12/22,2,link,4887
241211,10/12/22,1,link,6602
241684,11/12/22,0,link,6386
241686,11/12/22,3,link,3387
241688,11/12/22,2,link,5002
241691,11/12/22,1,link,6319
242164,12/12/22,0,link,7095
242166,12/12/22,3,link,3696
242168,12/12/22,2,link,4880
242171,12/12/22,1,link,6759
242644,13/12/22,0,link,7893
242646,13/12/22,3,link,3652
242648,13/12/22,2,link,5154
242651,13/12/22,1,link,6962
243124,14/12/22,0,link,8185
243126,14/12/22,3,link,3868
243128,14/12/22,2,link,5326
243131,14/12/22,1,link,7952
243604,15/12/22,0,link,7160
243606,15/12/22,3,link,3732
243608,15/12/22,2,link,5499
243611,15/12/22,1,link,6667
244084,16/12/22,0,link,7313
244086,16/12/22,3,link,3676
244088,16/12/22,2,link,5577
244091,16/12/22,1,link,6455
244564,17/12/22,0,link,7698
244566,17/12/22,3,link,3748
244568,17/12/22,2,link,5664
244571,17/12/22,1,link,7385
245044,18/12/22,0,link,7890
245046,18/12/22,3,link,3862
245048,18/12/22,2,link,5497
245051,18/12/22,1,link,7270
245524,19/12/22,0,link,8127
245526,19/12/22,3,link,3863
245528,19/12/22,2,link,5777
245531,19/12/22,1,link,7837
246004,20/12/22,0,link,8669
246006,20/12/22,3,link,4227
246008,20/12/22,2,link,5916
246011,20/12/22,1,link,7796
246484,21/12/22,0,link,8768
246486,21/12/22,3,link,4097
246488,21/12/22,2,link,5720
246491,21/12/22,1,link,8371
246964,22/12/22,0,link,7639
246966,22/12/22,3,link,3983
246968,22/12/22,2,link,5878
246971,22/12/22,1,link,7453
247444,23/12/22,0,link,7726
247446,23/12/22,3,link,3707
247448,23/12/22,2,link,6204
247451,23/12/22,1,link,6637
247924,24/12/22,0,link,11208
247926,24/12/22,3,link,4598
247928,24/12/22,2,link,6838
247931,24/12/22,1,link,10438
248404,25/12/22,0,link,9097
248406,25/12/22,3,link,4183
248408,25/12/22,2,link,6553
248411,25/12/22,1,link,9837
248884,26/12/22,0,link,9147
248886,26/12/22,3,link,3922
248888,26/12/22,2,link,5804
248891,26/12/22,1,link,8923
249364,27/12/22,0,link,7925
249366,27/12/22,3,link,4102
249368,27/12/22,2,link,5620
249371,27/12/22,1,link,8735
249844,28/12/22,0,link,8897
249846,28/12/22,3,link,3976
249848,28/12/22,2,link,6187
249851,28/12/22,1,link,8372
250324,29/12/22,0,link,7710
250326,29/12/22,3,link,3593
250328,29/12/22,2,link,5509
250331,29/12/22,1,link,7666
250804,30/12/22,0,link,6759
250806,30/12/22,3,link,3384
250808,30/12/22,2,link,4876
250811,30/12/22,1,link,7128
251284,31/12/22,0,link,6412
251286,31/12/22,3,link,3149
251288,31/12/22,2,link,4804
251291,31/12/22,1,link,5900
0,01/01/23,1,scheduled,5221
1,01/01/23,0,scheduled,5244
2,01/01/23,2,scheduled,1145
3,01/01/23,3,scheduled,35
96,02/01/23,1,scheduled,5196
97,02/01/23,0,scheduled,5177
98,02/01/23,2,scheduled,1040
99,02/01/23,3,scheduled,44
192,03/01/23,1,scheduled,5603
193,03/01/23,0,scheduled,5602
194,03/01/23,2,scheduled,1107
195,03/01/23,3,scheduled,41
288,04/01/23,1,scheduled,5740
289,04/01/23,0,scheduled,5703
290,04/01/23,2,scheduled,1161
291,04/01/23,3,scheduled,36
384,05/01/23,1,scheduled,5660
385,05/01/23,0,scheduled,5489
386,05/01/23,2,scheduled,1071
387,05/01/23,3,scheduled,37
480,06/01/23,1,scheduled,5462
481,06/01/23,0,scheduled,5475
482,06/01/23,2,scheduled,1096
483,06/01/23,3,scheduled,39
576,07/01/23,1,scheduled,5343
577,07/01/23,0,scheduled,5675
578,07/01/23,2,scheduled,1172
579,07/01/23,3,scheduled,43
672,08/01/23,1,scheduled,5323
673,08/01/23,0,scheduled,5390
674,08/01/23,2,scheduled,1050
675,08/01/23,3,scheduled,40
768,09/01/23,1,scheduled,5074
769,09/01/23,0,scheduled,4976
770,09/01/23,2,scheduled,1137
771,09/01/23,3,scheduled,31
864,10/01/23,1,scheduled,5181
865,10/01/23,0,scheduled,5709
866,10/01/23,2,scheduled,1166
867,10/01/23,3,scheduled,34
960,11/01/23,1,scheduled,5465
961,11/01/23,0,scheduled,5459
962,11/01/23,2,scheduled,1139
963,11/01/23,3,scheduled,41
1056,12/01/23,1,scheduled,5488
1057,12/01/23,0,scheduled,5888
1058,12/01/23,2,scheduled,1138
1059,12/01/23,3,scheduled,44
1152,13/01/23,1,scheduled,5256
1153,13/01/23,0,scheduled,5626
1154,13/01/23,2,scheduled,1128
1155,13/01/23,3,scheduled,44
1248,14/01/23,1,scheduled,5012
1249,14/01/23,0,scheduled,5264
1250,14/01/23,2,scheduled,1085
1251,14/01/23,3,scheduled,40
1344,15/01/23,1,scheduled,5392
1345,15/01/23,0,scheduled,5068
1346,15/01/23,2,scheduled,1213
1347,15/01/23,3,scheduled,38
1440,16/01/23,1,scheduled,5491
1441,16/01/23,0,scheduled,5166
1442,16/01/23,2,scheduled,1210
1443,16/01/23,3,scheduled,39
1536,17/01/23,1,scheduled,5859
1537,17/01/23,0,scheduled,5437
1538,17/01/23,2,scheduled,1080
1539,17/01/23,3,scheduled,39
1632,18/01/23,1,scheduled,5710
1633,18/01/23,0,scheduled,5570
1634,18/01/23,2,scheduled,1132
1635,18/01/23,3,scheduled,46
1728,19/01/23,1,scheduled,5683
1729,19/01/23,0,scheduled,5652
1730,19/01/23,2,scheduled,1125
1731,19/01/23,3,scheduled,47
1824,20/01/23,1,scheduled,5642
1825,20/01/23,0,scheduled,5692
1826,20/01/23,2,scheduled,1162
1827,20/01/23,3,scheduled,50
1920,21/01/23,1,scheduled,6004
1921,21/01/23,0,scheduled,5817
1922,21/01/23,2,scheduled,1135
1923,21/01/23,3,scheduled,48
2016,22/01/23,1,scheduled,5845
2017,22/01/23,0,scheduled,5505
2018,22/01/23,2,scheduled,1214
2019,22/01/23,3,scheduled,51
2112,23/01/23,1,scheduled,5764
2113,23/01/23,0,scheduled,5262
2114,23/01/23,2,scheduled,1096
2115,23/01/23,3,scheduled,52
2208,24/01/23,1,scheduled,5638
2209,24/01/23,0,scheduled,5353
2210,24/01/23,2,scheduled,1257
2211,24/01/23,3,scheduled,48
2304,25/01/23,1,scheduled,5375
2305,25/01/23,0,scheduled,5527
2306,25/01/23,2,scheduled,1179
2307,25/01/23,3,scheduled,45
2400,26/01/23,1,scheduled,5254
2401,26/01/23,0,scheduled,5516
2402,26/01/23,2,scheduled,1160
2403,26/01/23,3,scheduled,40
2496,27/01/23,1,scheduled,5929
2497,27/01/23,0,scheduled,5114
2498,27/01/23,2,scheduled,1149
2499,27/01/23,3,scheduled,45
2592,28/01/23,1,scheduled,5505
2593,28/01/23,0,scheduled,5145
2594,28/01/23,2,scheduled,1068
2595,28/01/23,3,scheduled,44
2688,29/01/23,1,scheduled,5450
2689,29/01/23,0,scheduled,5140
2690,29/01/23,2,scheduled,1076
2691,29/01/23,3,scheduled,44
2784,30/01/23,1,scheduled,5679
2785,30/01/23,0,scheduled,5334
2786,30/01/23,2,scheduled,1118
2787,30/01/23,3,scheduled,39
2880,31/01/23,1,scheduled,5859
2881,31/01/23,0,scheduled,5507
2882,31/01/23,2,scheduled,1116
2883,31/01/23,3,scheduled,50
2976,01/02/23,1,scheduled,5859
2977,01/02/23,0,scheduled,5735
2978,01/02/23,2,scheduled,1234
2979,01/02/23,3,scheduled,53
3072,02/02/23,1,scheduled,5721
3073,02/02/23,0,scheduled,5588
3074,02/02/23,2,scheduled,1135
3075,02/02/23,3,scheduled,46
3168,03/02/23,1,scheduled,5555
3169,03/02/23,0,scheduled,5484
3170,03/02/23,2,scheduled,1116
3171,03/02/23,3,scheduled,44
3264,04/02/23,1,scheduled,5593
3265,04/02/23,0,scheduled,5179
3266,04/02/23,2,scheduled,1127
3267,04/02/23,3,scheduled,39
3360,05/02/23,1,scheduled,5286
3361,05/02/23,0,scheduled,4930
3362,05/02/23,2,scheduled,1066
3363,05/02/23,3,scheduled,37
3456,06/02/23,1,scheduled,5601
3457,06/02/23,0,scheduled,5092
3458,06/02/23,2,scheduled,1109
3459,06/02/23,3,scheduled,35
3552,07/02/23,1,scheduled,5507
3553,07/02/23,0,scheduled,5480
3554,07/02/23,2,scheduled,1056
3555,07/02/23,3,scheduled,40
3648,08/02/23,1,scheduled,5303
3649,08/02/23,0,scheduled,5458
3650,08/02/23,2,scheduled,1132
3651,08/02/23,3,scheduled,40
3744,09/02/23,1,scheduled,5145
3745,09/02/23,0,scheduled,5267
3746,09/02/23,2,scheduled,1102
3747,09/02/23,3,scheduled,36
3840,10/02/23,1,scheduled,5595
3841,10/02/23,0,scheduled,5273
3842,10/02/23,2,scheduled,1083
3843,10/02/23,3,scheduled,40
3936,11/02/23,1,scheduled,5397
3937,11/02/23,0,scheduled,5328
3938,11/02/23,2,scheduled,1064
3939,11/02/23,3,scheduled,40
4032,12/02/23,1,scheduled,5367
4033,12/02/23,0,scheduled,4963
4034,12/02/23,2,scheduled,1097
4035,12/02/23,3,scheduled,37
4128,13/02/23,1,scheduled,5512
4129,13/02/23,0,scheduled,5164
4130,13/02/23,2,scheduled,1113
4131,13/02/23,3,scheduled,32
4224,14/02/23,1,scheduled,5138
4225,14/02/23,0,scheduled,5386
4226,14/02/23,2,scheduled,1064
4227,14/02/23,3,scheduled,34
4320,15/02/23,1,scheduled,5672
4321,15/02/23,0,scheduled,5553
4322,15/02/23,2,scheduled,1103
4323,15/02/23,3,scheduled,51
4416,16/02/23,1,scheduled,5702
4417,16/02/23,0,scheduled,5693
4418,16/02/23,2,scheduled,1194
4419,16/02/23,3,scheduled,46
4512,17/02/23,1,scheduled,5675
4513,17/02/23,0,scheduled,5529
4514,17/02/23,2,scheduled,1106
4515,17/02/23,3,scheduled,47
4608,18/02/23,1,scheduled,5598
4609,18/02/23,0,scheduled,5342
4610,18/02/23,2,scheduled,1082
4611,18/02/23,3,scheduled,48
4704,19/02/23,1,scheduled,5188
4705,19/02/23,0,scheduled,5320
4706,19/02/23,2,scheduled,1056
4707,19/02/23,3,scheduled,41
4800,20/02/23,1,scheduled,5427
4801,20/02/23,0,scheduled,5261
4802,20/02/23,2,scheduled,1070
4803,20/02/23,3,scheduled,38
4896,21/02/23,1,scheduled,5005
4897,21/02/23,0,scheduled,5142
4898,21/02/23,2,scheduled,1119
4899,21/02/23,3,scheduled,33
4992,22/02/23,1,scheduled,5526
4993,22/02/23,0,scheduled,5609
4994,22/02/23,2,scheduled,1186
4995,22/02/23,3,scheduled,35
5088,23/02/23,1,scheduled,5631
5089,23/02/23,0,scheduled,5749
5090,23/02/23,2,scheduled,1114
5091,23/02/23,3,scheduled,48
5184,24/02/23,1,scheduled,5969
5185,24/02/23,0,scheduled,6006
5186,24/02/23,2,scheduled,1224
5187,24/02/23,3,scheduled,46
5280,25/02/23,1,scheduled,5481
5281,25/02/23,0,scheduled,5515
5282,25/02/23,2,scheduled,1102
5283,25/02/23,3,scheduled,45
5376,26/02/23,1,scheduled,5234
5377,26/02/23,0,scheduled,5592
5378,26/02/23,2,scheduled,1221
5379,26/02/23,3,scheduled,52
5472,27/02/23,1,scheduled,5313
5473,27/02/23,0,scheduled,5529
5474,27/02/23,2,scheduled,1120
5475,27/02/23,3,scheduled,42
5568,28/02/23,1,scheduled,5630
5569,28/02/23,0,scheduled,5949
5570,28/02/23,2,scheduled,1120
5571,28/02/23,3,scheduled,42
5664,01/03/23,1,scheduled,5451
5665,01/03/23,0,scheduled,5352
5666,01/03/23,2,scheduled,1147
5667,01/03/23,3,scheduled,45
5760,02/03/23,1,scheduled,6045
5761,02/03/23,0,scheduled,5728
5762,02/03/23,2,scheduled,1311
5763,02/03/23,3,scheduled,51
5856,03/03/23,1,scheduled,5793
5857,03/03/23,0,scheduled,5321
5858,03/03/23,2,scheduled,1138
5859,03/03/23,3,scheduled,44
5952,04/03/23,1,scheduled,5689
5953,04/03/23,0,scheduled,5264
5954,04/03/23,2,scheduled,1086
5955,04/03/23,3,scheduled,40
6048,05/03/23,1,scheduled,5597
6049,05/03/23,0,scheduled,5287
6050,05/03/23,2,scheduled,1109
6051,05/03/23,3,scheduled,40
6144,06/03/23,1,scheduled,5377
6145,06/03/23,0,scheduled,5020
6146,06/03/23,2,scheduled,1029
6147,06/03/23,3,scheduled,39
6240,07/03/23,1,scheduled,5756
6241,07/03/23,0,scheduled,5533
6242,07/03/23,2,scheduled,1076
6243,07/03/23,3,scheduled,41
6336,08/03/23,1,scheduled,5928
6337,08/03/23,0,scheduled,5517
6338,08/03/23,2,scheduled,1081
6339,08/03/23,3,scheduled,41
6432,09/03/23,1,scheduled,5888
6433,09/03/23,0,scheduled,5673
6434,09/03/23,2,scheduled,1104
6435,09/03/23,3,scheduled,39
6528,10/03/23,1,scheduled,5607
6529,10/03/23,0,scheduled,5502
6530,10/03/23,2,scheduled,1071
6531,10/03/23,3,scheduled,32
6624,11/03/23,1,scheduled,5466
6625,11/03/23,0,scheduled,5829
6626,11/03/23,2,scheduled,1091
6627,11/03/23,3,scheduled,29
6720,12/03/23,1,scheduled,5629
6721,12/03/23,0,scheduled,5321
6722,12/03/23,2,scheduled,1073
6723,12/03/23,3,scheduled,27
6812,13/03/23,1,scheduled,5714
6813,13/03/23,0,scheduled,5383
6814,13/03/23,2,scheduled,1028
6815,13/03/23,3,scheduled,26
6908,14/03/23,1,scheduled,5560
6909,14/03/23,0,scheduled,5476
6910,14/03/23,2,scheduled,1082
6911,14/03/23,3,scheduled,28
7004,15/03/23,1,scheduled,5784
7005,15/03/23,0,scheduled,5710
7006,15/03/23,2,scheduled,1106
7007,15/03/23,3,scheduled,32
7100,16/03/23,1,scheduled,5654
7101,16/03/23,0,scheduled,5230
7102,16/03/23,2,scheduled,1156
7103,16/03/23,3,scheduled,33
7196,17/03/23,1,scheduled,5431
7197,17/03/23,0,scheduled,5409
7198,17/03/23,2,scheduled,1028
7199,17/03/23,3,scheduled,33
7292,18/03/23,1,scheduled,5385
7293,18/03/23,0,scheduled,5474
7294,18/03/23,2,scheduled,1027
7295,18/03/23,3,scheduled,33
7388,19/03/23,1,scheduled,5076
7389,19/03/23,0,scheduled,5019
7390,19/03/23,2,scheduled,1018
7391,19/03/23,3,scheduled,30
7484,20/03/23,1,scheduled,5409
7485,20/03/23,0,scheduled,5138
7486,20/03/23,2,scheduled,989
7487,20/03/23,3,scheduled,32
7580,21/03/23,1,scheduled,5259
7581,21/03/23,0,scheduled,5461
7582,21/03/23,2,scheduled,1067
7583,21/03/23,3,scheduled,28
7676,22/03/23,1,scheduled,5747
7677,22/03/23,0,scheduled,5648
7678,22/03/23,2,scheduled,1054
7679,22/03/23,3,scheduled,37
7772,23/03/23,1,scheduled,5456
7773,23/03/23,0,scheduled,5772
7774,23/03/23,2,scheduled,1109
7775,23/03/23,3,scheduled,35
7868,24/03/23,1,scheduled,5811
7869,24/03/23,0,scheduled,5678
7870,24/03/23,2,scheduled,1094
7871,24/03/23,3,scheduled,33
7964,25/03/23,1,scheduled,5652
7965,25/03/23,0,scheduled,5982
7966,25/03/23,2,scheduled,1095
7967,25/03/23,3,scheduled,34
8060,26/03/23,1,scheduled,5660
8061,26/03/23,0,scheduled,5567
8062,26/03/23,2,scheduled,1017
8063,26/03/23,3,scheduled,35
8156,27/03/23,1,scheduled,5511
8157,27/03/23,0,scheduled,5151
8158,27/03/23,2,scheduled,1098
8159,27/03/23,3,scheduled,40
8252,28/03/23,1,scheduled,5280
8253,28/03/23,0,scheduled,5336
8254,28/03/23,2,scheduled,1035
8255,28/03/23,3,scheduled,37
8348,29/03/23,1,scheduled,5914
8349,29/03/23,0,scheduled,5370
8350,29/03/23,2,scheduled,1039
8351,29/03/23,3,scheduled,29
8444,30/03/23,1,scheduled,6223
8445,30/03/23,0,scheduled,5783
8446,30/03/23,2,scheduled,1079
8447,30/03/23,3,scheduled,38
8540,31/03/23,1,scheduled,6001
8541,31/03/23,0,scheduled,5551
8542,31/03/23,2,scheduled,1065
8543,31/03/23,3,scheduled,41
8636,01/04/23,1,scheduled,5707
8637,01/04/23,0,scheduled,5410
8638,01/04/23,2,scheduled,1073
8639,01/04/23,3,scheduled,35
8732,02/04/23,1,scheduled,5554
8733,02/04/23,0,scheduled,5365
8734,02/04/23,2,scheduled,1047
8735,02/04/23,3,scheduled,29
8828,03/04/23,1,scheduled,5507
8829,03/04/23,0,scheduled,5058
8830,03/04/23,2,scheduled,972
8831,03/04/23,3,scheduled,27
8924,04/04/23,1,scheduled,5984
8925,04/04/23,0,scheduled,5954
8926,04/04/23,2,scheduled,1093
8927,04/04/23,3,scheduled,48
9020,05/04/23,1,scheduled,6036
9021,05/04/23,0,scheduled,5947
9022,05/04/23,2,scheduled,1081
9023,05/04/23,3,scheduled,42
9116,06/04/23,1,scheduled,5587
9117,06/04/23,0,scheduled,5490
9118,06/04/23,2,scheduled,1044
9119,06/04/23,3,scheduled,37
9212,07/04/23,1,scheduled,5366
9213,07/04/23,0,scheduled,5522
9214,07/04/23,2,scheduled,1072
9215,07/04/23,3,scheduled,31
9308,08/04/23,1,scheduled,5526
9309,08/04/23,0,scheduled,5125
9310,08/04/23,2,scheduled,1072
9311,08/04/23,3,scheduled,27
9404,09/04/23,1,scheduled,5355
9405,09/04/23,0,scheduled,5225
9406,09/04/23,2,scheduled,1045
9407,09/04/23,3,scheduled,26
9500,10/04/23,1,scheduled,4879
9501,10/04/23,0,scheduled,5005
9502,10/04/23,2,scheduled,1019
9503,10/04/23,3,scheduled,23
9596,11/04/23,1,scheduled,5535
9597,11/04/23,0,scheduled,5285
9598,11/04/23,2,scheduled,1040
9599,11/04/23,3,scheduled,25
9692,12/04/23,1,scheduled,5404
9693,12/04/23,0,scheduled,5526
9694,12/04/23,2,scheduled,984
9695,12/04/23,3,scheduled,26
9788,13/04/23,1,scheduled,5181
9789,13/04/23,0,scheduled,5428
9790,13/04/23,2,scheduled,1045
9791,13/04/23,3,scheduled,25
9884,14/04/23,1,scheduled,5481
9885,14/04/23,0,scheduled,5641
9886,14/04/23,2,scheduled,1039
9887,14/04/23,3,scheduled,24
9980,15/04/23,1,scheduled,5380
9981,15/04/23,0,scheduled,5183
9982,15/04/23,2,scheduled,1086
9983,15/04/23,3,scheduled,23
10076,16/04/23,1,scheduled,5130
10077,16/04/23,0,scheduled,4974
10078,16/04/23,2,scheduled,1052
10079,16/04/23,3,scheduled,24
10172,17/04/23,1,scheduled,5008
10173,17/04/23,0,scheduled,5071
10174,17/04/23,2,scheduled,982
10175,17/04/23,3,scheduled,24
10268,18/04/23,1,scheduled,5316
10269,18/04/23,0,scheduled,5554
10270,18/04/23,2,scheduled,1026
10271,18/04/23,3,scheduled,26
10364,19/04/23,1,scheduled,5396
10365,19/04/23,0,scheduled,5579
10366,19/04/23,2,scheduled,1048
10367,19/04/23,3,scheduled,26
10460,20/04/23,1,scheduled,5406
10461,20/04/23,0,scheduled,5354
10462,20/04/23,2,scheduled,1059
10463,20/04/23,3,scheduled,27
10556,21/04/23,1,scheduled,5577
10557,21/04/23,0,scheduled,5183
10558,21/04/23,2,scheduled,1061
10559,21/04/23,3,scheduled,26
10652,22/04/23,1,scheduled,5411
10653,22/04/23,0,scheduled,5836
10654,22/04/23,2,scheduled,1047
10655,22/04/23,3,scheduled,26
10748,23/04/23,1,scheduled,5092
10749,23/04/23,0,scheduled,5556
10750,23/04/23,2,scheduled,1089
10751,23/04/23,3,scheduled,24
10844,24/04/23,1,scheduled,5243
10845,24/04/23,0,scheduled,5473
10846,24/04/23,2,scheduled,987
10847,24/04/23,3,scheduled,25
10940,25/04/23,1,scheduled,5470
10941,25/04/23,0,scheduled,5739
10942,25/04/23,2,scheduled,1040
10943,25/04/23,3,scheduled,25
11036,26/04/23,1,scheduled,5345
11037,26/04/23,0,scheduled,5289
11038,26/04/23,2,scheduled,1024
11039,26/04/23,3,scheduled,26
11132,27/04/23,1,scheduled,5823
11133,27/04/23,0,scheduled,5541
11134,27/04/23,2,scheduled,1012
11135,27/04/23,3,scheduled,26
11228,28/04/23,1,scheduled,6104
11229,28/04/23,0,scheduled,5568
11230,28/04/23,2,scheduled,1040
11231,28/04/23,3,scheduled,26
11324,29/04/23,1,scheduled,5955
11325,29/04/23,0,scheduled,5639
11326,29/04/23,2,scheduled,1084
11327,29/04/23,3,scheduled,27
11420,30/04/23,1,scheduled,5546
11421,30/04/23,0,scheduled,5737
11422,30/04/23,2,scheduled,1009
11423,30/04/23,3,scheduled,27
11516,01/05/23,1,scheduled,5326
11517,01/05/23,0,scheduled,4970
11518,01/05/23,2,scheduled,969
11519,01/05/23,3,scheduled,26
11612,02/05/23,1,scheduled,5753
11613,02/05/23,0,scheduled,5290
11614,02/05/23,2,scheduled,1084
11615,02/05/23,3,scheduled,26
11708,03/05/23,1,scheduled,5437
11709,03/05/23,0,scheduled,5361
11710,03/05/23,2,scheduled,1029
11711,03/05/23,3,scheduled,32
11804,04/05/23,1,scheduled,5396
11805,04/05/23,0,scheduled,5636
11806,04/05/23,2,scheduled,1073
11807,04/05/23,3,scheduled,32
11900,05/05/23,1,scheduled,5676
11901,05/05/23,0,scheduled,5621
11902,05/05/23,2,scheduled,1022
11903,05/05/23,3,scheduled,32
11996,06/05/23,1,scheduled,5672
11997,06/05/23,0,scheduled,5619
11998,06/05/23,2,scheduled,1006
11999,06/05/23,3,scheduled,31
12092,07/05/23,1,scheduled,5028
12093,07/05/23,0,scheduled,5316
12094,07/05/23,2,scheduled,981
12095,07/05/23,3,scheduled,25
12188,08/05/23,1,scheduled,5047
12189,08/05/23,0,scheduled,5261
12190,08/05/23,2,scheduled,1005
12191,08/05/23,3,scheduled,25
12284,09/05/23,1,scheduled,5591
12285,09/05/23,0,scheduled,5485
12286,09/05/23,2,scheduled,998
12287,09/05/23,3,scheduled,26
12380,10/05/23,1,scheduled,5472
12381,10/05/23,0,scheduled,5239
12382,10/05/23,2,scheduled,1077
12383,10/05/23,3,scheduled,24
12476,11/05/23,1,scheduled,5492
12477,11/05/23,0,scheduled,5347
12478,11/05/23,2,scheduled,985
12479,11/05/23,3,scheduled,26
12572,12/05/23,1,scheduled,5814
12573,12/05/23,0,scheduled,5563
12574,12/05/23,2,scheduled,1079
12575,12/05/23,3,scheduled,25
12668,13/05/23,1,scheduled,5507
12669,13/05/23,0,scheduled,5875
12670,13/05/23,2,scheduled,1118
12671,13/05/23,3,scheduled,27
12764,14/05/23,1,scheduled,5855
12765,14/05/23,0,scheduled,5484
12766,14/05/23,2,scheduled,1028
12767,14/05/23,3,scheduled,27
12860,15/05/23,1,scheduled,5919
12861,15/05/23,0,scheduled,5387
12862,15/05/23,2,scheduled,1033
12863,15/05/23,3,scheduled,28
12956,16/05/23,1,scheduled,6140
12957,16/05/23,0,scheduled,5909
12958,16/05/23,2,scheduled,1062
12959,16/05/23,3,scheduled,27
13052,17/05/23,1,scheduled,6187
13053,17/05/23,0,scheduled,5945
13054,17/05/23,2,scheduled,1062
13055,17/05/23,3,scheduled,30
13148,18/05/23,1,scheduled,6369
13149,18/05/23,0,scheduled,5977
13150,18/05/23,2,scheduled,1053
13151,18/05/23,3,scheduled,32
13244,19/05/23,1,scheduled,6123
13245,19/05/23,0,scheduled,6031
13246,19/05/23,2,scheduled,1037
13247,19/05/23,3,scheduled,30
13340,20/05/23,1,scheduled,6136
13341,20/05/23,0,scheduled,5709
13342,20/05/23,2,scheduled,1052
13343,20/05/23,3,scheduled,30
13436,21/05/23,1,scheduled,6176
13437,21/05/23,0,scheduled,5582
13438,21/05/23,2,scheduled,1083
13439,21/05/23,3,scheduled,28
13532,22/05/23,1,scheduled,6257
13533,22/05/23,0,scheduled,5432
13534,22/05/23,2,scheduled,1093
13535,22/05/23,3,scheduled,31
13628,23/05/23,1,scheduled,6305
13629,23/05/23,0,scheduled,6209
13630,23/05/23,2,scheduled,1113
13631,23/05/23,3,scheduled,32
13724,24/05/23,1,scheduled,6241
13725,24/05/23,0,scheduled,5625
13726,24/05/23,2,scheduled,1010
13727,24/05/23,3,scheduled,31
13820,25/05/23,1,scheduled,6159
13821,25/05/23,0,scheduled,5667
13822,25/05/23,2,scheduled,1093
13823,25/05/23,3,scheduled,28
13916,26/05/23,1,scheduled,5998
13917,26/05/23,0,scheduled,5825
13918,26/05/23,2,scheduled,1041
13919,26/05/23,3,scheduled,39
14012,27/05/23,1,scheduled,5500
14013,27/05/23,0,scheduled,5485
14014,27/05/23,2,scheduled,1119
14015,27/05/23,3,scheduled,26
14108,28/05/23,1,scheduled,5513
14109,28/05/23,0,scheduled,5536
14110,28/05/23,2,scheduled,1031
14111,28/05/23,3,scheduled,29
14204,29/05/23,1,scheduled,5209
14205,29/05/23,0,scheduled,5479
14206,29/05/23,2,scheduled,1093
14207,29/05/23,3,scheduled,28
14300,30/05/23,1,scheduled,5669
14301,30/05/23,0,scheduled,5457
14302,30/05/23,2,scheduled,1013
14303,30/05/23,3,scheduled,28
14396,31/05/23,1,scheduled,5687
14397,31/05/23,0,scheduled,5723
14398,31/05/23,2,scheduled,1057
14399,31/05/23,3,scheduled,29
14492,01/06/23,1,scheduled,5874
14493,01/06/23,0,scheduled,5772
14494,01/06/23,2,scheduled,1267
14495,01/06/23,3,scheduled,28
14588,02/06/23,1,scheduled,6139
14589,02/06/23,0,scheduled,5825
14590,02/06/23,2,scheduled,1204
14591,02/06/23,3,scheduled,29
14684,03/06/23,1,scheduled,5791
14685,03/06/23,0,scheduled,5630
14686,03/06/23,2,scheduled,1046
14687,03/06/23,3,scheduled,29
14780,04/06/23,1,scheduled,5770
14781,04/06/23,0,scheduled,5423
14782,04/06/23,2,scheduled,1080
14783,04/06/23,3,scheduled,30
14876,05/06/23,1,scheduled,6112
14877,05/06/23,0,scheduled,5477
14878,05/06/23,2,scheduled,1020
14879,05/06/23,3,scheduled,30
14972,06/06/23,1,scheduled,6012
14973,06/06/23,0,scheduled,5860
14974,06/06/23,2,scheduled,1000
14975,06/06/23,3,scheduled,31
15068,07/06/23,1,scheduled,5804
15069,07/06/23,0,scheduled,5575
15070,07/06/23,2,scheduled,1063
15071,07/06/23,3,scheduled,27
15164,08/06/23,1,scheduled,5750
15165,08/06/23,0,scheduled,5858
15166,08/06/23,2,scheduled,1169
15167,08/06/23,3,scheduled,25
15260,09/06/23,1,scheduled,6246
15261,09/06/23,0,scheduled,5878
15262,09/06/23,2,scheduled,1049
15263,09/06/23,3,scheduled,29
15356,10/06/23,1,scheduled,5910
15357,10/06/23,0,scheduled,5705
15358,10/06/23,2,scheduled,1135
15359,10/06/23,3,scheduled,29
15452,11/06/23,1,scheduled,5363
15453,11/06/23,0,scheduled,5461
15454,11/06/23,2,scheduled,1074
15455,11/06/23,3,scheduled,28
15548,12/06/23,1,scheduled,5291
15549,12/06/23,0,scheduled,5488
15550,12/06/23,2,scheduled,1031
15551,12/06/23,3,scheduled,26
15644,13/06/23,1,scheduled,5827
15645,13/06/23,0,scheduled,5887
15646,13/06/23,2,scheduled,1052
15647,13/06/23,3,scheduled,28
15740,14/06/23,1,scheduled,5894
15741,14/06/23,0,scheduled,5818
15742,14/06/23,2,scheduled,1107
15743,14/06/23,3,scheduled,29
15836,15/06/23,1,scheduled,6252
15837,15/06/23,0,scheduled,5978
15838,15/06/23,2,scheduled,1157
15839,15/06/23,3,scheduled,29
15932,16/06/23,1,scheduled,6487
15933,16/06/23,0,scheduled,6248
15934,16/06/23,2,scheduled,1096
15935,16/06/23,3,scheduled,31
16028,17/06/23,1,scheduled,6505
16029,17/06/23,0,scheduled,6324
16030,17/06/23,2,scheduled,1169
16031,17/06/23,3,scheduled,29
16124,18/06/23,1,scheduled,6310
16125,18/06/23,0,scheduled,6234
16126,18/06/23,2,scheduled,1137
16127,18/06/23,3,scheduled,35
16220,19/06/23,1,scheduled,5531
16221,19/06/23,0,scheduled,5690
16222,19/06/23,2,scheduled,1109
16223,19/06/23,3,scheduled,34
16316,20/06/23,1,scheduled,5766
16317,20/06/23,0,scheduled,5690
16318,20/06/23,2,scheduled,1147
16319,20/06/23,3,scheduled,29
16412,21/06/23,1,scheduled,5810
16413,21/06/23,0,scheduled,6139
16414,21/06/23,2,scheduled,1170
16415,21/06/23,3,scheduled,27
16508,22/06/23,1,scheduled,5891
16509,22/06/23,0,scheduled,6076
16510,22/06/23,2,scheduled,1159
16511,22/06/23,3,scheduled,27
16604,23/06/23,1,scheduled,6248
16605,23/06/23,0,scheduled,5707
16606,23/06/23,2,scheduled,1113
16607,23/06/23,3,scheduled,29
16700,24/06/23,1,scheduled,5775
16701,24/06/23,0,scheduled,5772
16702,24/06/23,2,scheduled,1084
16703,24/06/23,3,scheduled,27
16796,25/06/23,1,scheduled,5778
16797,25/06/23,0,scheduled,5904
16798,25/06/23,2,scheduled,1131
16799,25/06/23,3,scheduled,29
16892,26/06/23,1,scheduled,5489
16893,26/06/23,0,scheduled,5675
16894,26/06/23,2,scheduled,1112
16895,26/06/23,3,scheduled,29
16988,27/06/23,1,scheduled,5754
16989,27/06/23,0,scheduled,6146
16990,27/06/23,2,scheduled,1123
16991,27/06/23,3,scheduled,30
17084,28/06/23,1,scheduled,6063
17085,28/06/23,0,scheduled,6042
17086,28/06/23,2,scheduled,1110
17087,28/06/23,3,scheduled,32
17180,29/06/23,1,scheduled,6571
17181,29/06/23,0,scheduled,6267
17182,29/06/23,2,scheduled,1123
17183,29/06/23,3,scheduled,31
17276,30/06/23,1,scheduled,6704
17277,30/06/23,0,scheduled,6397
17278,30/06/23,2,scheduled,1100
17279,30/06/23,3,scheduled,34
17372,01/01/23,1,interference,4308
17374,01/01/23,3,interference,2702
17375,01/01/23,0,interference,5122
17377,01/01/23,2,interference,2945
17564,02/01/23,1,interference,4974
17566,02/01/23,3,interference,2749
17567,02/01/23,0,interference,5177
17569,02/01/23,2,interference,3194
17756,03/01/23,1,interference,5324
17758,03/01/23,3,interference,2730
17759,03/01/23,0,interference,5376
17761,03/01/23,2,interference,3213
17948,04/01/23,1,interference,4744
17950,04/01/23,3,interference,2828
17951,04/01/23,0,interference,5434
17953,04/01/23,2,interference,2897
18140,05/01/23,1,interference,4771
18142,05/01/23,3,interference,2725
18143,05/01/23,0,interference,6184
18145,05/01/23,2,interference,3232
18332,06/01/23,1,interference,4824
18334,06/01/23,3,interference,2810
18335,06/01/23,0,interference,6555
18337,06/01/23,2,interference,3100
18524,07/01/23,1,interference,4750
18526,07/01/23,3,interference,2629
18527,07/01/23,0,interference,5174
18529,07/01/23,2,interference,3098
18716,08/01/23,1,interference,4798
18718,08/01/23,3,interference,2391
18719,08/01/23,0,interference,5671
18721,08/01/23,2,interference,2906
18908,09/01/23,1,interference,4599
18910,09/01/23,3,interference,2808
18911,09/01/23,0,interference,6076
18913,09/01/23,2,interference,2994
19100,10/01/23,1,interference,4556
19102,10/01/23,3,interference,2672
19103,10/01/23,0,interference,5586
19105,10/01/23,2,interference,2994
19292,11/01/23,1,interference,4527
19294,11/01/23,3,interference,2809
19295,11/01/23,0,interference,4953
19297,11/01/23,2,interference,2955
19484,12/01/23,1,interference,5399
19486,12/01/23,3,interference,2665
19487,12/01/23,0,interference,5205
19489,12/01/23,2,interference,2943
19676,13/01/23,1,interference,4812
19678,13/01/23,3,interference,2890
19679,13/01/23,0,interference,6307
19681,13/01/23,2,interference,3447
19868,14/01/23,1,interference,5464
19870,14/01/23,3,interference,2720
19871,14/01/23,0,interference,6983
19873,14/01/23,2,interference,3832
20060,15/01/23,1,interference,5206
20062,15/01/23,3,interference,2676
20063,15/01/23,0,interference,5904
20065,15/01/23,2,interference,3312
20252,16/01/23,1,interference,5176
20254,16/01/23,3,interference,2890
20255,16/01/23,0,interference,5290
20257,16/01/23,2,interference,2948
20444,17/01/23,1,interference,4872
20446,17/01/23,3,interference,2851
20447,17/01/23,0,interference,5094
20449,17/01/23,2,interference,2837
20636,18/01/23,1,interference,5277
20638,18/01/23,3,interference,2842
20639,18/01/23,0,interference,4839
20641,18/01/23,2,interference,3159
20828,19/01/23,1,interference,4470
20830,19/01/23,3,interference,2767
20831,19/01/23,0,interference,5477
20833,19/01/23,2,interference,2963
21020,20/01/23,1,interference,4796
21022,20/01/23,3,interference,2822
21023,20/01/23,0,interference,5927
21025,20/01/23,2,interference,3081
21212,21/01/23,1,interference,4901
21214,21/01/23,3,interference,2801
21215,21/01/23,0,interference,6296
21217,21/01/23,2,interference,3386
21404,22/01/23,1,interference,5147
21406,22/01/23,3,interference,2883
21407,22/01/23,0,interference,6344
21409,22/01/23,2,interference,3154
21596,23/01/23,1,interference,4877
21598,23/01/23,3,interference,2954
21599,23/01/23,0,interference,7226
21601,23/01/23,2,interference,3615
21788,24/01/23,1,interference,4878
21790,24/01/23,3,interference,2897
21791,24/01/23,0,interference,6537
21793,24/01/23,2,interference,3534
21980,25/01/23,1,interference,5397
21982,25/01/23,3,interference,3068
21983,25/01/23,0,interference,8081
21985,25/01/23,2,interference,3869
22172,26/01/23,1,interference,5595
22174,26/01/23,3,interference,3193
22175,26/01/23,0,interference,8056
22177,26/01/23,2,interference,4102
22364,27/01/23,1,interference,5505
22366,27/01/23,3,interference,2851
22367,27/01/23,0,interference,7262
22369,27/01/23,2,interference,4278
22556,28/01/23,1,interference,4951
22558,28/01/23,3,interference,2996
22559,28/01/23,0,interference,6683
22561,28/01/23,2,interference,3532
22748,29/01/23,1,interference,4744
22750,29/01/23,3,interference,3013
22751,29/01/23,0,interference,5402
22753,29/01/23,2,interference,3179
22940,30/01/23,1,interference,4431
22942,30/01/23,3,interference,2899
22943,30/01/23,0,interference,8665
22945,30/01/23,2,interference,3439
23132,31/01/23,1,interference,5802
23134,31/01/23,3,interference,3045
23135,31/01/23,0,interference,9766
23137,31/01/23,2,interference,5513
23324,01/02/23,1,interference,6310
23326,01/02/23,3,interference,2863
23327,01/02/23,0,interference,9834
23329,01/02/23,2,interference,5610
23516,02/02/23,1,interference,5947
23518,02/02/23,3,interference,2632
23519,02/02/23,0,interference,9096
23521,02/02/23,2,interference,4786
23708,03/02/23,1,interference,5783
23710,03/02/23,3,interference,3045
23711,03/02/23,0,interference,8814
23713,03/02/23,2,interference,4480
23900,04/02/23,1,interference,5730
23902,04/02/23,3,interference,2764
23903,04/02/23,0,interference,8451
23905,04/02/23,2,interference,4063
24092,05/02/23,1,interference,5047
24094,05/02/23,3,interference,2867
24095,05/02/23,0,interference,6301
24097,05/02/23,2,interference,3343
24284,06/02/23,1,interference,4477
24286,06/02/23,3,interference,2916
24287,06/02/23,0,interference,5668
24289,06/02/23,2,interference,3037
24476,07/02/23,1,interference,4866
24478,07/02/23,3,interference,2916
24479,07/02/23,0,interference,5787
24481,07/02/23,2,interference,2946
24668,08/02/23,1,interference,4959
24670,08/02/23,3,interference,3226
24671,08/02/23,0,interference,6049
24673,08/02/23,2,interference,3110
24860,09/02/23,1,interference,5255
24862,09/02/23,3,interference,2847
24863,09/02/23,0,interference,7500
24865,09/02/23,2,interference,3567
25052,10/02/23,1,interference,4983
25054,10/02/23,3,interference,2956
25055,10/02/23,0,interference,5831
25057,10/02/23,2,interference,3114
25244,11/02/23,1,interference,5683
25246,11/02/23,3,interference,3028
25247,11/02/23,0,interference,7950
25249,11/02/23,2,interference,4109
25436,12/02/23,1,interference,5700
25438,12/02/23,3,interference,2760
25439,12/02/23,0,interference,6888
25441,12/02/23,2,interference,4007
25628,13/02/23,1,interference,5238
25630,13/02/23,3,interference,2809
25631,13/02/23,0,interference,5783
25633,13/02/23,2,interference,3532
25820,14/02/23,1,interference,4763
25822,14/02/23,3,interference,2604
25823,14/02/23,0,interference,5250
25825,14/02/23,2,interference,3156
26012,15/02/23,1,interference,5229
26014,15/02/23,3,interference,2771
26015,15/02/23,0,interference,5208
26017,15/02/23,2,interference,3115
26204,16/02/23,1,interference,5364
26206,16/02/23,3,interference,2739
26207,16/02/23,0,interference,4913
26209,16/02/23,2,interference,3307
26396,17/02/23,1,interference,5672
26398,17/02/23,3,interference,2977
26399,17/02/23,0,interference,7957
26401,17/02/23,2,interference,4225
26588,18/02/23,1,interference,5746
26590,18/02/23,3,interference,2915
26591,18/02/23,0,interference,7736
26593,18/02/23,2,interference,4252
26780,19/02/23,1,interference,5288
26782,19/02/23,3,interference,2745
26783,19/02/23,0,interference,6399
26785,19/02/23,2,interference,3650
26972,20/02/23,1,interference,4946
26974,20/02/23,3,interference,2819
26975,20/02/23,0,interference,4999
26977,20/02/23,2,interference,2873
27164,21/02/23,1,interference,5196
27166,21/02/23,3,interference,2748
27167,21/02/23,0,interference,4910
27169,21/02/23,2,interference,3130
27356,22/02/23,1,interference,5511
27358,22/02/23,3,interference,2787
27359,22/02/23,0,interference,5758
27361,22/02/23,2,interference,3233
27548,23/02/23,1,interference,5826
27550,23/02/23,3,interference,2781
27551,23/02/23,0,interference,5310
27553,23/02/23,2,interference,3361
27740,24/02/23,1,interference,5546
27742,24/02/23,3,interference,2640
27743,24/02/23,0,interference,5562
27745,24/02/23,2,interference,3015
27932,25/02/23,1,interference,5513
27934,25/02/23,3,interference,2712
27935,25/02/23,0,interference,6806
27937,25/02/23,2,interference,3153
28124,26/02/23,1,interference,5576
28126,26/02/23,3,interference,2930
28127,26/02/23,0,interference,5883
28129,26/02/23,2,interference,3096
28316,27/02/23,1,interference,5559
28318,27/02/23,3,interference,2754
28319,27/02/23,0,interference,5025
28321,27/02/23,2,interference,3191
28508,28/02/23,1,interference,5413
28510,28/02/23,3,interference,2721
28511,28/02/23,0,interference,5224
28513,28/02/23,2,interference,2913
28700,01/03/23,1,interference,5735
28702,01/03/23,3,interference,2794
28703,01/03/23,0,interference,5292
28705,01/03/23,2,interference,3423
28892,02/03/23,1,interference,6146
28894,02/03/23,3,interference,2834
28895,02/03/23,0,interference,4790
28897,02/03/23,2,interference,3412
29084,03/03/23,1,interference,5206
29086,03/03/23,3,interference,2804
29087,03/03/23,0,interference,4788
29089,03/03/23,2,interference,2900
29276,04/03/23,1,interference,4810
29278,04/03/23,3,interference,2797
29279,04/03/23,0,interference,5381
29281,04/03/23,2,interference,3019
29468,05/03/23,1,interference,4798
29470,05/03/23,3,interference,2727
29471,05/03/23,0,interference,4959
29473,05/03/23,2,interference,3136
29660,06/03/23,1,interference,4977
29662,06/03/23,3,interference,2676
29663,06/03/23,0,interference,4831
29665,06/03/23,2,interference,3133
29852,07/03/23,1,interference,5696
29854,07/03/23,3,interference,2807
29855,07/03/23,0,interference,5045
29857,07/03/23,2,interference,3220
30044,08/03/23,1,interference,5507
30046,08/03/23,3,interference,2681
30047,08/03/23,0,interference,4907
30049,08/03/23,2,interference,3369
30236,09/03/23,1,interference,5500
30238,09/03/23,3,interference,2743
30239,09/03/23,0,interference,5108
30241,09/03/23,2,interference,3244
30428,10/03/23,1,interference,5507
30430,10/03/23,3,interference,2676
30431,10/03/23,0,interference,5105
30433,10/03/23,2,interference,3533
30620,11/03/23,1,interference,5317
30622,11/03/23,3,interference,2809
30623,11/03/23,0,interference,5263
30625,11/03/23,2,interference,3191
30812,12/03/23,1,interference,5705
30814,12/03/23,3,interference,2925
30815,12/03/23,0,interference,5369
30817,12/03/23,2,interference,3503
30996,13/03/23,1,interference,4797
30998,13/03/23,3,interference,2800
30999,13/03/23,0,interference,5164
31001,13/03/23,2,interference,3099
31188,14/03/23,1,interference,5171
31190,14/03/23,3,interference,3031
31191,14/03/23,0,interference,5643
31193,14/03/23,2,interference,3103
31380,15/03/23,1,interference,4803
31382,15/03/23,3,interference,2879
31383,15/03/23,0,interference,5454
31385,15/03/23,2,interference,3140
31572,16/03/23,1,interference,5427
31574,16/03/23,3,interference,2821
31575,16/03/23,0,interference,5230
31577,16/03/23,2,interference,3041
31764,17/03/23,1,interference,5733
31766,17/03/23,3,interference,2954
31767,17/03/23,0,interference,5642
31769,17/03/23,2,interference,3214
31956,18/03/23,1,interference,5096
31958,18/03/23,3,interference,2819
31959,18/03/23,0,interference,6316
31961,18/03/23,2,interference,3309
32148,19/03/23,1,interference,5196
32150,19/03/23,3,interference,2635
32151,19/03/23,0,interference,6355
32153,19/03/23,2,interference,3875
32340,20/03/23,1,interference,5475
32342,20/03/23,3,interference,2862
32343,20/03/23,0,interference,6304
32345,20/03/23,2,interference,3307
32532,21/03/23,1,interference,5121
32534,21/03/23,3,interference,2873
32535,21/03/23,0,interference,6538
32537,21/03/23,2,interference,3330
32724,22/03/23,1,interference,5260
32726,22/03/23,3,interference,2739
32727,22/03/23,0,interference,5213
32729,22/03/23,2,interference,3228
32916,23/03/23,1,interference,6009
32918,23/03/23,3,interference,2880
32919,23/03/23,0,interference,5726
32921,23/03/23,2,interference,3513
33108,24/03/23,1,interference,6234
33110,24/03/23,3,interference,2947
33111,24/03/23,0,interference,5711
33113,24/03/23,2,interference,3580
33300,25/03/23,1,interference,5915
33302,25/03/23,3,interference,2776
33303,25/03/23,0,interference,5049
33305,25/03/23,2,interference,3274
33492,26/03/23,1,interference,5289
33494,26/03/23,3,interference,2722
33495,26/03/23,0,interference,4790
33497,26/03/23,2,interference,3078
33684,27/03/23,1,interference,5483
33686,27/03/23,3,interference,2862
33687,27/03/23,0,interference,5109
33689,27/03/23,2,interference,3317
33876,28/03/23,1,interference,5577
33878,28/03/23,3,interference,2723
33879,28/03/23,0,interference,5292
33881,28/03/23,2,interference,3385
34068,29/03/23,1,interference,5336
34070,29/03/23,3,interference,2534
34071,29/03/23,0,interference,5483
34073,29/03/23,2,interference,3091
34260,30/03/23,1,interference,5009
34262,30/03/23,3,interference,2775
34263,30/03/23,0,interference,5027
34265,30/03/23,2,interference,2925
34452,31/03/23,1,interference,5821
34454,31/03/23,3,interference,2752
34455,31/03/23,0,interference,5772
34457,31/03/23,2,interference,3521
34644,01/04/23,1,interference,6386
34646,01/04/23,3,interference,2377
34647,01/04/23,0,interference,5367
34649,01/04/23,2,interference,3399
34836,02/04/23,1,interference,5653
34838,02/04/23,3,interference,2794
34839,02/04/23,0,interference,5210
34841,02/04/23,2,interference,3167
35028,03/04/23,1,interference,5971
35030,03/04/23,3,interference,2889
35031,03/04/23,0,interference,5506
35033,03/04/23,2,interference,3440
35220,04/04/23,1,interference,6417
35222,04/04/23,3,interference,2989
35223,04/04/23,0,interference,6600
35225,04/04/23,2,interference,4079
35412,05/04/23,1,interference,6644
35414,05/04/23,3,interference,2707
35415,05/04/23,0,interference,6633
35417,05/04/23,2,interference,3919
35604,06/04/23,1,interference,5154
35606,06/04/23,3,interference,2975
35607,06/04/23,0,interference,5118
35609,06/04/23,2,interference,2937
35796,07/04/23,1,interference,5145
35798,07/04/23,3,interference,2914
35799,07/04/23,0,interference,5470
35801,07/04/23,2,interference,3197
35988,08/04/23,1,interference,4673
35990,08/04/23,3,interference,2778
35991,08/04/23,0,interference,5023
35993,08/04/23,2,interference,3175
36180,09/04/23,1,interference,4958
36182,09/04/23,3,interference,3004
36183,09/04/23,0,interference,5153
36185,09/04/23,2,interference,3034
36372,10/04/23,1,interference,5054
36374,10/04/23,3,interference,2763
36375,10/04/23,0,interference,5047
36377,10/04/23,2,interference,3050
36564,11/04/23,1,interference,5121
36566,11/04/23,3,interference,3002
36567,11/04/23,0,interference,5323
36569,11/04/23,2,interference,3085
36756,12/04/23,1,interference,5084
36758,12/04/23,3,interference,2839
36759,12/04/23,0,interference,5383
36761,12/04/23,2,interference,2980
36948,13/04/23,1,interference,5124
36950,13/04/23,3,interference,2981
36951,13/04/23,0,interference,5526
36953,13/04/23,2,interference,3238
37140,14/04/23,1,interference,5284
37142,14/04/23,3,interference,2943
37143,14/04/23,0,interference,5690
37145,14/04/23,2,interference,3342
37332,15/04/23,1,interference,6128
37334,15/04/23,3,interference,2544
37335,15/04/23,0,interference,6121
37337,15/04/23,2,interference,3598
37524,16/04/23,1,interference,6008
37526,16/04/23,3,interference,2972
37527,16/04/23,0,interference,4955
37529,16/04/23,2,interference,3482
37716,17/04/23,1,interference,5011
37718,17/04/23,3,interference,2876
37719,17/04/23,0,interference,5034
37721,17/04/23,2,interference,2865
37908,18/04/23,1,interference,5285
37910,18/04/23,3,interference,2748
37911,18/04/23,0,interference,5323
37913,18/04/23,2,interference,3238
38100,19/04/23,1,interference,5227
38102,19/04/23,3,interference,2802
38103,19/04/23,0,interference,5589
38105,19/04/23,2,interference,3290
38292,20/04/23,1,interference,6071
38294,20/04/23,3,interference,2905
38295,20/04/23,0,interference,6229
38297,20/04/23,2,interference,3539
38484,21/04/23,1,interference,5595
38486,21/04/23,3,interference,2873
38487,21/04/23,0,interference,5585
38489,21/04/23,2,interference,3466
38676,22/04/23,1,interference,5426
38678,22/04/23,3,interference,2630
38679,22/04/23,0,interference,5255
38681,22/04/23,2,interference,3407
38868,23/04/23,1,interference,5079
38870,23/04/23,3,interference,2895
38871,23/04/23,0,interference,4876
38873,23/04/23,2,interference,3289
39060,24/04/23,1,interference,4964
39062,24/04/23,3,interference,2570
39063,24/04/23,0,interference,4832
39065,24/04/23,2,interference,3061
39252,25/04/23,1,interference,5187
39254,25/04/23,3,interference,3055
39255,25/04/23,0,interference,5127
39257,25/04/23,2,interference,3029
39444,26/04/23,1,interference,5736
39446,26/04/23,3,interference,3018
39447,26/04/23,0,interference,5018
39449,26/04/23,2,interference,3261
39636,27/04/23,1,interference,5924
39638,27/04/23,3,interference,3083
39639,27/04/23,0,interference,4924
39641,27/04/23,2,interference,3723
39828,28/04/23,1,interference,5506
39830,28/04/23,3,interference,3044
39831,28/04/23,0,interference,5135
39833,28/04/23,2,interference,3376
40020,29/04/23,1,interference,5540
40022,29/04/23,3,interference,3075
40023,29/04/23,0,interference,5194
40025,29/04/23,2,interference,3110
40212,30/04/23,1,interference,4761
40214,30/04/23,3,interference,3037
40215,30/04/23,0,interference,5053
40217,30/04/23,2,interference,2847
40404,01/05/23,1,interference,5203
40406,01/05/23,3,interference,2830
40407,01/05/23,0,interference,5164
40409,01/05/23,2,interference,3269
40596,02/05/23,1,interference,5933
40598,02/05/23,3,interference,3088
40599,02/05/23,0,interference,5153
40601,02/05/23,2,interference,3476
40788,03/05/23,1,interference,5725
40790,03/05/23,3,interference,2795
40791,03/05/23,0,interference,5703
40793,03/05/23,2,interference,3493
40980,04/05/23,1,interference,5754
40982,04/05/23,3,interference,2793
40983,04/05/23,0,interference,5537
40985,04/05/23,2,interference,3601
41172,05/05/23,1,interference,6633
41174,05/05/23,3,interference,2933
41175,05/05/23,0,interference,5988
41177,05/05/23,2,interference,3948
41364,06/05/23,1,interference,6975
41366,06/05/23,3,interference,3067
41367,06/05/23,0,interference,7063
41369,06/05/23,2,interference,4052
41556,07/05/23,1,interference,7166
41558,07/05/23,3,interference,3030
41559,07/05/23,0,interference,5845
41561,07/05/23,2,interference,4292
41748,08/05/23,1,interference,6101
41750,08/05/23,3,interference,2902
41751,08/05/23,0,interference,6198
41753,08/05/23,2,interference,3449
41940,09/05/23,1,interference,6307
41942,09/05/23,3,interference,2829
41943,09/05/23,0,interference,6818
41945,09/05/23,2,interference,3965
42132,10/05/23,1,interference,5988
42134,10/05/23,3,interference,3073
42135,10/05/23,0,interference,6548
42137,10/05/23,2,interference,3528
42324,11/05/23,1,interference,5737
42326,11/05/23,3,interference,3085
42327,11/05/23,0,interference,5417
42329,11/05/23,2,interference,3725
42516,12/05/23,1,interference,7125
42518,12/05/23,3,interference,3058
42519,12/05/23,0,interference,6766
42521,12/05/23,2,interference,4057
42708,13/05/23,1,interference,7436
42710,13/05/23,3,interference,2810
42711,13/05/23,0,interference,7095
42713,13/05/23,2,interference,4183
42900,14/05/23,1,interference,6143
42902,14/05/23,3,interference,2803
42903,14/05/23,0,interference,6428
42905,14/05/23,2,interference,3338
43092,15/05/23,1,interference,6629
43094,15/05/23,3,interference,2985
43095,15/05/23,0,interference,5388
43097,15/05/23,2,interference,3631
43284,16/05/23,1,interference,6496
43286,16/05/23,3,interference,3122
43287,16/05/23,0,interference,5698
43289,16/05/23,2,interference,3389
43476,17/05/23,1,interference,5510
43478,17/05/23,3,interference,2958
43479,17/05/23,0,interference,5706
43481,17/05/23,2,interference,3540
43668,18/05/23,1,interference,5969
43670,18/05/23,3,interference,3150
43671,18/05/23,0,interference,5726
43673,18/05/23,2,interference,3566
43860,19/05/23,1,interference,6919
43862,19/05/23,3,interference,3098
43863,19/05/23,0,interference,6187
43865,19/05/23,2,interference,3883
44052,20/05/23,1,interference,7031
44054,20/05/23,3,interference,3068
44055,20/05/23,0,interference,6093
44057,20/05/23,2,interference,4106
44244,21/05/23,1,interference,6452
44246,21/05/23,3,interference,2865
44247,21/05/23,0,interference,5524
44249,21/05/23,2,interference,3605
44436,22/05/23,1,interference,5951
44438,22/05/23,3,interference,2907
44439,22/05/23,0,interference,5394
44441,22/05/23,2,interference,3320
44628,23/05/23,1,interference,6514
44630,23/05/23,3,interference,2875
44631,23/05/23,0,interference,6034
44633,23/05/23,2,interference,3780
44820,24/05/23,1,interference,6750
44822,24/05/23,3,interference,2976
44823,24/05/23,0,interference,6379
44825,24/05/23,2,interference,4258
45012,25/05/23,1,interference,6923
45014,25/05/23,3,interference,2952
45015,25/05/23,0,interference,6219
45017,25/05/23,2,interference,3771
45204,26/05/23,1,interference,6455
45206,26/05/23,3,interference,2959
45207,26/05/23,0,interference,6132
45209,26/05/23,2,interference,3763
45396,27/05/23,1,interference,6583
45398,27/05/23,3,interference,2844
45399,27/05/23,0,interference,6106
45401,27/05/23,2,interference,3796
45588,28/05/23,1,interference,6527
45590,28/05/23,3,interference,3083
45591,28/05/23,0,interference,5739
45593,28/05/23,2,interference,3722
45780,29/05/23,1,interference,6844
45782,29/05/23,3,interference,2999
45783,29/05/23,0,interference,6241
45785,29/05/23,2,interference,3505
45972,30/05/23,1,interference,6440
45974,30/05/23,3,interference,3010
45975,30/05/23,0,interference,6173
45977,30/05/23,2,interference,3647
46164,31/05/23,1,interference,6413
46166,31/05/23,3,interference,3054
46167,31/05/23,0,interference,6614
46169,31/05/23,2,interference,4025
46356,01/06/23,1,interference,6926
46358,01/06/23,3,interference,3130
46359,01/06/23,0,interference,7080
46361,01/06/23,2,interference,4266
46548,02/06/23,1,interference,6659
46550,02/06/23,3,interference,3007
46551,02/06/23,0,interference,7233
46553,02/06/23,2,interference,4049
46740,03/06/23,1,interference,7162
46742,03/06/23,3,interference,3046
46743,03/06/23,0,interference,7319
46745,03/06/23,2,interference,3950
46932,04/06/23,1,interference,7356
46934,04/06/23,3,interference,3054
46935,04/06/23,0,interference,6354
46937,04/06/23,2,interference,4012
47124,05/06/23,1,interference,6086
47126,05/06/23,3,interference,3030
47127,05/06/23,0,interference,6618
47129,05/06/23,2,interference,3570
47316,06/06/23,1,interference,5863
47318,06/06/23,3,interference,3023
47319,06/06/23,0,interference,6506
47321,06/06/23,2,interference,3558
47508,07/06/23,1,interference,5951
47510,07/06/23,3,interference,2898
47511,07/06/23,0,interference,5948
47513,07/06/23,2,interference,3935
47700,08/06/23,1,interference,6721
47702,08/06/23,3,interference,2728
47703,08/06/23,0,interference,6338
47705,08/06/23,2,interference,4127
47892,09/06/23,1,interference,5986
47894,09/06/23,3,interference,3096
47895,09/06/23,0,interference,6848
47897,09/06/23,2,interference,4094
48084,10/06/23,1,interference,7230
48086,10/06/23,3,interference,3046
48087,10/06/23,0,interference,8421
48089,10/06/23,2,interference,4798
48276,11/06/23,1,interference,7199
48278,11/06/23,3,interference,3195
48279,11/06/23,0,interference,7173
48281,11/06/23,2,interference,4571
48468,12/06/23,1,interference,7416
48470,12/06/23,3,interference,3060
48471,12/06/23,0,interference,6706
48473,12/06/23,2,interference,4784
48660,13/06/23,1,interference,7917
48662,13/06/23,3,interference,3300
48663,13/06/23,0,interference,6823
48665,13/06/23,2,interference,5077
48852,14/06/23,1,interference,7649
48854,14/06/23,3,interference,3276
48855,14/06/23,0,interference,6518
48857,14/06/23,2,interference,4782
49044,15/06/23,1,interference,7824
49046,15/06/23,3,interference,3114
49047,15/06/23,0,interference,7497
49049,15/06/23,2,interference,5166
49236,16/06/23,1,interference,8080
49238,16/06/23,3,interference,3313
49239,16/06/23,0,interference,7962
49241,16/06/23,2,interference,5483
49428,17/06/23,1,interference,8542
49430,17/06/23,3,interference,3281
49431,17/06/23,0,interference,7617
49433,17/06/23,2,interference,5456
49620,18/06/23,1,interference,8209
49622,18/06/23,3,interference,3154
49623,18/06/23,0,interference,8699
49625,18/06/23,2,interference,5018
49812,19/06/23,1,interference,7907
49814,19/06/23,3,interference,3127
49815,19/06/23,0,interference,7791
49817,19/06/23,2,interference,5388
50004,20/06/23,1,interference,8294
50006,20/06/23,3,interference,3116
50007,20/06/23,0,interference,9701
50009,20/06/23,2,interference,5141
50196,21/06/23,1,interference,8201
50198,21/06/23,3,interference,3060
50199,21/06/23,0,interference,9467
50201,21/06/23,2,interference,5525
50388,22/06/23,1,interference,7050
50390,22/06/23,3,interference,3110
50391,22/06/23,0,interference,7994
50393,22/06/23,2,interference,4550
50580,23/06/23,1,interference,8050
50582,23/06/23,3,interference,3101
50583,23/06/23,0,interference,8422
50585,23/06/23,2,interference,4694
50772,24/06/23,1,interference,8215
50774,24/06/23,3,interference,3070
50775,24/06/23,0,interference,7720
50777,24/06/23,2,interference,5315
50964,25/06/23,1,interference,8106
50966,25/06/23,3,interference,3271
50967,25/06/23,0,interference,8739
50969,25/06/23,2,interference,5284
51156,26/06/23,1,interference,8658
51158,26/06/23,3,interference,3091
51159,26/06/23,0,interference,9777
51161,26/06/23,2,interference,5445
51348,27/06/23,1,interference,8396
51350,27/06/23,3,interference,3099
51351,27/06/23,0,interference,9407
51353,27/06/23,2,interference,5722
51540,28/06/23,1,interference,8891
51542,28/06/23,3,interference,3104
51543,28/06/23,0,interference,9645
51545,28/06/23,2,interference,5480
51732,29/06/23,1,interference,8691
51734,29/06/23,3,interference,3067
51735,29/06/23,0,interference,9369
51737,29/06/23,2,interference,5219
51924,30/06/23,1,interference,7859
51926,30/06/23,3,interference,3118
51927,30/06/23,0,interference,9357
51929,30/06/23,2,interference,4892
86860,01/01/23,2,topology,5253
86863,01/01/23,1,topology,7380
86864,01/01/23,3,topology,4581
86865,01/01/23,0,topology,8409
87004,02/01/23,2,topology,5529
87007,02/01/23,1,topology,7377
87008,02/01/23,3,topology,4266
87009,02/01/23,0,topology,8447
87148,03/01/23,2,topology,5601
87151,03/01/23,1,topology,8295
87152,03/01/23,3,topology,4534
87153,03/01/23,0,topology,8461
87292,04/01/23,2,topology,5797
87295,04/01/23,1,topology,7913
87296,04/01/23,3,topology,4856
87297,04/01/23,0,topology,8218
87436,05/01/23,2,topology,5574
87439,05/01/23,1,topology,8031
87440,05/01/23,3,topology,5271
87441,05/01/23,0,topology,8535
87580,06/01/23,2,topology,5695
87583,06/01/23,1,topology,8548
87584,06/01/23,3,topology,5499
87585,06/01/23,0,topology,9382
87724,07/01/23,2,topology,6254
87727,07/01/23,1,topology,8325
87728,07/01/23,3,topology,5457
87729,07/01/23,0,topology,8634
87868,08/01/23,2,topology,5955
87871,08/01/23,1,topology,7704
87872,08/01/23,3,topology,5342
87873,08/01/23,0,topology,8609
88012,09/01/23,2,topology,5485
88015,09/01/23,1,topology,7940
88016,09/01/23,3,topology,5434
88017,09/01/23,0,topology,8989
88156,10/01/23,2,topology,5537
88159,10/01/23,1,topology,8803
88160,10/01/23,3,topology,4917
88161,10/01/23,0,topology,8941
88300,11/01/23,2,topology,5602
88303,11/01/23,1,topology,9291
88304,11/01/23,3,topology,4932
88305,11/01/23,0,topology,7885
88444,12/01/23,2,topology,5832
88447,12/01/23,1,topology,8271
88448,12/01/23,3,topology,4903
88449,12/01/23,0,topology,8612
88588,13/01/23,2,topology,6003
88591,13/01/23,1,topology,8928
88592,13/01/23,3,topology,5319
88593,13/01/23,0,topology,9327
88732,14/01/23,2,topology,5798
88735,14/01/23,1,topology,8732
88736,14/01/23,3,topology,5635
88737,14/01/23,0,topology,10514
88876,15/01/23,2,topology,5541
88879,15/01/23,1,topology,7890
88880,15/01/23,3,topology,5216
88881,15/01/23,0,topology,10588
89020,16/01/23,2,topology,5329
89023,16/01/23,1,topology,8059
89024,16/01/23,3,topology,4687
89025,16/01/23,0,topology,9130
89164,17/01/23,2,topology,5526
89167,17/01/23,1,topology,9007
89168,17/01/23,3,topology,4556
89169,17/01/23,0,topology,7919
89308,18/01/23,2,topology,5351
89311,18/01/23,1,topology,8775
89312,18/01/23,3,topology,4860
89313,18/01/23,0,topology,8565
89452,19/01/23,2,topology,5501
89455,19/01/23,1,topology,9290
89456,19/01/23,3,topology,4949
89457,19/01/23,0,topology,8199
89596,20/01/23,2,topology,5362
89599,20/01/23,1,topology,8618
89600,20/01/23,3,topology,5258
89601,20/01/23,0,topology,9246
89740,21/01/23,2,topology,5426
89743,21/01/23,1,topology,8423
89744,21/01/23,3,topology,5515
89745,21/01/23,0,topology,9709
89884,22/01/23,2,topology,5305
89887,22/01/23,1,topology,8402
89888,22/01/23,3,topology,5293
89889,22/01/23,0,topology,9362
90028,23/01/23,2,topology,5335
90031,23/01/23,1,topology,8371
90032,23/01/23,3,topology,5424
90033,23/01/23,0,topology,9654
90172,24/01/23,2,topology,5745
90175,24/01/23,1,topology,9465
90176,24/01/23,3,topology,5076
90177,24/01/23,0,topology,9646
90316,25/01/23,2,topology,5849
90319,25/01/23,1,topology,9426
90320,25/01/23,3,topology,5150
90321,25/01/23,0,topology,9100
90460,26/01/23,2,topology,5841
90463,26/01/23,1,topology,8822
90464,26/01/23,3,topology,5335
90465,26/01/23,0,topology,10692
90604,27/01/23,2,topology,5792
90607,27/01/23,1,topology,8556
90608,27/01/23,3,topology,5594
90609,27/01/23,0,topology,10917
90748,28/01/23,2,topology,6217
90751,28/01/23,1,topology,8388
90752,28/01/23,3,topology,5166
90753,28/01/23,0,topology,9830
90892,29/01/23,2,topology,6213
90895,29/01/23,1,topology,7903
90896,29/01/23,3,topology,4906
90897,29/01/23,0,topology,8543
91036,30/01/23,2,topology,6083
91039,30/01/23,1,topology,8249
91040,30/01/23,3,topology,5874
91041,30/01/23,0,topology,8572
91180,31/01/23,2,topology,6889
91183,31/01/23,1,topology,9459
91184,31/01/23,3,topology,6243
91185,31/01/23,0,topology,9688
91324,01/02/23,2,topology,6112
91327,01/02/23,1,topology,9542
91328,01/02/23,3,topology,6282
91329,01/02/23,0,topology,10510
91468,02/02/23,2,topology,6259
91471,02/02/23,1,topology,9037
91472,02/02/23,3,topology,5418
91473,02/02/23,0,topology,10471
91612,03/02/23,2,topology,6314
91615,03/02/23,1,topology,9645
91616,03/02/23,3,topology,5745
91617,03/02/23,0,topology,10935
91756,04/02/23,2,topology,6371
91759,04/02/23,1,topology,9487
91760,04/02/23,3,topology,5777
91761,04/02/23,0,topology,10662
91900,05/02/23,2,topology,5711
91903,05/02/23,1,topology,8665
91904,05/02/23,3,topology,5046
91905,05/02/23,0,topology,9678
92044,06/02/23,2,topology,5599
92047,06/02/23,1,topology,7768
92048,06/02/23,3,topology,5077
92049,06/02/23,0,topology,8676
92188,07/02/23,2,topology,5280
92191,07/02/23,1,topology,9073
92192,07/02/23,3,topology,4648
92193,07/02/23,0,topology,8523
92332,08/02/23,2,topology,5447
92335,08/02/23,1,topology,8794
92336,08/02/23,3,topology,4746
92337,08/02/23,0,topology,8381
92476,09/02/23,2,topology,5656
92479,09/02/23,1,topology,8797
92480,09/02/23,3,topology,4976
92481,09/02/23,0,topology,8990
92620,10/02/23,2,topology,6041
92623,10/02/23,1,topology,8395
92624,10/02/23,3,topology,0
92625,10/02/23,0,topology,8804
92764,11/02/23,2,topology,5332
92767,11/02/23,1,topology,8321
92768,11/02/23,3,topology,0
92769,11/02/23,0,topology,9901
92908,12/02/23,2,topology,5119
92911,12/02/23,1,topology,7975
92912,12/02/23,3,topology,0
92913,12/02/23,0,topology,10148
93052,13/02/23,2,topology,4968
93055,13/02/23,1,topology,8751
93056,13/02/23,3,topology,0
93057,13/02/23,0,topology,9859
93196,14/02/23,2,topology,5355
93199,14/02/23,1,topology,8529
93200,14/02/23,3,topology,0
93201,14/02/23,0,topology,8260
93340,15/02/23,2,topology,5383
93343,15/02/23,1,topology,9209
93344,15/02/23,3,topology,0
93345,15/02/23,0,topology,8056
93484,16/02/23,2,topology,5985
93487,16/02/23,1,topology,8648
93488,16/02/23,3,topology,0
93489,16/02/23,0,topology,8158
93628,17/02/23,2,topology,6194
93631,17/02/23,1,topology,9052
93632,17/02/23,3,topology,0
93633,17/02/23,0,topology,9510
93772,18/02/23,2,topology,5383
93775,18/02/23,1,topology,9121
93776,18/02/23,3,topology,0
93777,18/02/23,0,topology,10993
93916,19/02/23,2,topology,5095
93919,19/02/23,1,topology,8027
93920,19/02/23,3,topology,0
93921,19/02/23,0,topology,9320
94060,20/02/23,2,topology,5319
94063,20/02/23,1,topology,7535
94064,20/02/23,3,topology,0
94065,20/02/23,0,topology,8140
94204,21/02/23,2,topology,5818
94207,21/02/23,1,topology,9001
94208,21/02/23,3,topology,0
94209,21/02/23,0,topology,8439
94348,22/02/23,2,topology,5976
94351,22/02/23,1,topology,9398
94352,22/02/23,3,topology,0
94353,22/02/23,0,topology,8814
94492,23/02/23,2,topology,6151
94495,23/02/23,1,topology,8721
94496,23/02/23,3,topology,0
94497,23/02/23,0,topology,8580
94636,24/02/23,2,topology,6384
94639,24/02/23,1,topology,8963
94640,24/02/23,3,topology,0
94641,24/02/23,0,topology,9031
94780,25/02/23,2,topology,6176
94783,25/02/23,1,topology,8558
94784,25/02/23,3,topology,0
94785,25/02/23,0,topology,8921
94924,26/02/23,2,topology,5808
94927,26/02/23,1,topology,7582
94928,26/02/23,3,topology,0
94929,26/02/23,0,topology,8844
95068,27/02/23,2,topology,5356
95071,27/02/23,1,topology,9136
95072,27/02/23,3,topology,0
95073,27/02/23,0,topology,8685
95212,28/02/23,2,topology,5632
95215,28/02/23,1,topology,9605
95216,28/02/23,3,topology,0
95217,28/02/23,0,topology,8510
95356,01/03/23,2,topology,5672
95359,01/03/23,1,topology,9104
95360,01/03/23,3,topology,0
95361,01/03/23,0,topology,8148
95500,02/03/23,2,topology,5950
95503,02/03/23,1,topology,9324
95504,02/03/23,3,topology,0
95505,02/03/23,0,topology,9006
95644,03/03/23,2,topology,5664
95647,03/03/23,1,topology,9211
95648,03/03/23,3,topology,0
95649,03/03/23,0,topology,9130
95788,04/03/23,2,topology,5158
95791,04/03/23,1,topology,8036
95792,04/03/23,3,topology,0
95793,04/03/23,0,topology,8395
95932,05/03/23,2,topology,5015
95935,05/03/23,1,topology,7781
95936,05/03/23,3,topology,0
95937,05/03/23,0,topology,8026
96076,06/03/23,2,topology,5174
96079,06/03/23,1,topology,8337
96080,06/03/23,3,topology,0
96081,06/03/23,0,topology,8060
96220,07/03/23,2,topology,5595
96223,07/03/23,1,topology,9082
96224,07/03/23,3,topology,0
96225,07/03/23,0,topology,8516
96364,08/03/23,2,topology,5280
96367,08/03/23,1,topology,8763
96368,08/03/23,3,topology,0
96369,08/03/23,0,topology,8984
96508,09/03/23,2,topology,5697
96511,09/03/23,1,topology,9434
96512,09/03/23,3,topology,0
96513,09/03/23,0,topology,9076
96652,10/03/23,2,topology,5578
96655,10/03/23,1,topology,9124
96656,10/03/23,3,topology,0
96657,10/03/23,0,topology,9260
96796,11/03/23,2,topology,5267
96799,11/03/23,1,topology,8057
96800,11/03/23,3,topology,0
96801,11/03/23,0,topology,8009
96940,12/03/23,2,topology,5025
96943,12/03/23,1,topology,8599
96944,12/03/23,3,topology,0
96945,12/03/23,0,topology,9185
97084,13/03/23,2,topology,5186
97087,13/03/23,1,topology,8901
97088,13/03/23,3,topology,0
97089,13/03/23,0,topology,8363
97228,14/03/23,2,topology,5734
97231,14/03/23,1,topology,9217
97232,14/03/23,3,topology,0
97233,14/03/23,0,topology,8768
97372,15/03/23,2,topology,5530
97375,15/03/23,1,topology,8878
97376,15/03/23,3,topology,0
97377,15/03/23,0,topology,8682
97516,16/03/23,2,topology,4985
97519,16/03/23,1,topology,8619
97520,16/03/23,3,topology,0
97521,16/03/23,0,topology,8355
97660,17/03/23,2,topology,5831
97663,17/03/23,1,topology,8002
97664,17/03/23,3,topology,0
97665,17/03/23,0,topology,7921
97804,18/03/23,2,topology,5815
97807,18/03/23,1,topology,8255
97808,18/03/23,3,topology,0
97809,18/03/23,0,topology,9382
97948,19/03/23,2,topology,5797
97951,19/03/23,1,topology,8347
97952,19/03/23,3,topology,0
97953,19/03/23,0,topology,9841
98092,20/03/23,2,topology,5180
98095,20/03/23,1,topology,8114
98096,20/03/23,3,topology,0
98097,20/03/23,0,topology,9995
98236,21/03/23,2,topology,5328
98239,21/03/23,1,topology,8637
98240,21/03/23,3,topology,0
98241,21/03/23,0,topology,9187
98380,22/03/23,2,topology,4964
98383,22/03/23,1,topology,8659
98384,22/03/23,3,topology,0
98385,22/03/23,0,topology,8331
98524,23/03/23,2,topology,5574
98527,23/03/23,1,topology,8297
98528,23/03/23,3,topology,0
98529,23/03/23,0,topology,7787
98668,24/03/23,2,topology,5509
98671,24/03/23,1,topology,8066
98672,24/03/23,3,topology,0
98673,24/03/23,0,topology,9016
98812,25/03/23,2,topology,5220
98815,25/03/23,1,topology,8369
98816,25/03/23,3,topology,0
98817,25/03/23,0,topology,8458
98956,26/03/23,2,topology,5004
98959,26/03/23,1,topology,7216
98960,26/03/23,3,topology,0
98961,26/03/23,0,topology,8521
99100,27/03/23,2,topology,5049
99103,27/03/23,1,topology,8323
99104,27/03/23,3,topology,0
99105,27/03/23,0,topology,8533
99244,28/03/23,2,topology,5215
99247,28/03/23,1,topology,8265
99248,28/03/23,3,topology,0
99249,28/03/23,0,topology,8105
99388,29/03/23,2,topology,5274
99391,29/03/23,1,topology,8525
99392,29/03/23,3,topology,0
99393,29/03/23,0,topology,8345
99532,30/03/23,2,topology,5256
99535,30/03/23,1,topology,9007
99536,30/03/23,3,topology,0
99537,30/03/23,0,topology,8144
99676,31/03/23,2,topology,5132
99679,31/03/23,1,topology,8382
99680,31/03/23,3,topology,0
99681,31/03/23,0,topology,8392
99820,01/04/23,2,topology,5095
99823,01/04/23,1,topology,7713
99824,01/04/23,3,topology,0
99825,01/04/23,0,topology,8429
99964,02/04/23,2,topology,4864
99967,02/04/23,1,topology,7192
99968,02/04/23,3,topology,0
99969,02/04/23,0,topology,7677
100108,03/04/23,2,topology,4717
100111,03/04/23,1,topology,8023
100112,03/04/23,3,topology,0
100113,03/04/23,0,topology,8665
100252,04/04/23,2,topology,5193
100255,04/04/23,1,topology,7787
100256,04/04/23,3,topology,0
100257,04/04/23,0,topology,9095
100396,05/04/23,2,topology,5456
100399,05/04/23,1,topology,7907
100400,05/04/23,3,topology,0
100401,05/04/23,0,topology,8995
100540,06/04/23,2,topology,5473
100543,06/04/23,1,topology,8328
100544,06/04/23,3,topology,0
100545,06/04/23,0,topology,8919
100684,07/04/23,2,topology,5225
100687,07/04/23,1,topology,7768
100688,07/04/23,3,topology,0
100689,07/04/23,0,topology,8096
100828,08/04/23,2,topology,4777
100831,08/04/23,1,topology,7197
100832,08/04/23,3,topology,0
100833,08/04/23,0,topology,8265
100972,09/04/23,2,topology,4641
100975,09/04/23,1,topology,7353
100976,09/04/23,3,topology,0
100977,09/04/23,0,topology,7729
101116,10/04/23,2,topology,4256
101119,10/04/23,1,topology,7140
101120,10/04/23,3,topology,0
101121,10/04/23,0,topology,7409
101260,11/04/23,2,topology,4703
101263,11/04/23,1,topology,7520
101264,11/04/23,3,topology,0
101265,11/04/23,0,topology,7544
101404,12/04/23,2,topology,4474
101407,12/04/23,1,topology,8187
101408,12/04/23,3,topology,0
101409,12/04/23,0,topology,7834
101548,13/04/23,2,topology,5070
101551,13/04/23,1,topology,8317
101552,13/04/23,3,topology,0
101553,13/04/23,0,topology,7459
101692,14/04/23,2,topology,5039
101695,14/04/23,1,topology,7703
101696,14/04/23,3,topology,0
101697,14/04/23,0,topology,7502
101836,15/04/23,2,topology,4650
101839,15/04/23,1,topology,7795
101840,15/04/23,3,topology,0
101841,15/04/23,0,topology,8572
101980,16/04/23,2,topology,4729
101983,16/04/23,1,topology,7517
101984,16/04/23,3,topology,0
101985,16/04/23,0,topology,8259
102124,17/04/23,2,topology,4774
102127,17/04/23,1,topology,7716
102128,17/04/23,3,topology,0
102129,17/04/23,0,topology,7190
102268,18/04/23,2,topology,5084
102271,18/04/23,1,topology,8121
102272,18/04/23,3,topology,0
102273,18/04/23,0,topology,7584
102412,19/04/23,2,topology,4876
102415,19/04/23,1,topology,8635
102416,19/04/23,3,topology,0
102417,19/04/23,0,topology,8107
102556,20/04/23,2,topology,4897
102559,20/04/23,1,topology,7935
102560,20/04/23,3,topology,0
102561,20/04/23,0,topology,8464
102700,21/04/23,2,topology,4850
102703,21/04/23,1,topology,7894
102704,21/04/23,3,topology,0
102705,21/04/23,0,topology,8444
102844,22/04/23,2,topology,5130
102847,22/04/23,1,topology,7607
102848,22/04/23,3,topology,0
102849,22/04/23,0,topology,8046
102988,23/04/23,2,topology,0
102991,23/04/23,1,topology,0
102992,23/04/23,3,topology,0
102993,23/04/23,0,topology,0
103132,24/04/23,2,topology,4926
103135,24/04/23,1,topology,7700
103136,24/04/23,3,topology,0
103137,24/04/23,0,topology,8024
103276,25/04/23,2,topology,4772
103279,25/04/23,1,topology,8830
103280,25/04/23,3,topology,0
103281,25/04/23,0,topology,7445
103420,26/04/23,2,topology,4579
103423,26/04/23,1,topology,8370
103424,26/04/23,3,topology,0
103425,26/04/23,0,topology,7874
103564,27/04/23,2,topology,4482
103567,27/04/23,1,topology,8462
103568,27/04/23,3,topology,0
103569,27/04/23,0,topology,8585
103708,28/04/23,2,topology,4516
103711,28/04/23,1,topology,8155
103712,28/04/23,3,topology,0
103713,28/04/23,0,topology,8176
103852,29/04/23,2,topology,4828
103855,29/04/23,1,topology,7537
103856,29/04/23,3,topology,0
103857,29/04/23,0,topology,8422
103996,30/04/23,2,topology,4519
103999,30/04/23,1,topology,7484
104000,30/04/23,3,topology,0
104001,30/04/23,0,topology,7784
104140,01/05/23,2,topology,4715
104143,01/05/23,1,topology,7258
104144,01/05/23,3,topology,0
104145,01/05/23,0,topology,7500
104284,02/05/23,2,topology,4851
104287,02/05/23,1,topology,8445
104288,02/05/23,3,topology,0
104289,02/05/23,0,topology,7772
104428,03/05/23,2,topology,4583
104431,03/05/23,1,topology,8255
104432,03/05/23,3,topology,0
104433,03/05/23,0,topology,8307
104572,04/05/23,2,topology,4494
104575,04/05/23,1,topology,8390
104576,04/05/23,3,topology,0
104577,04/05/23,0,topology,7833
104716,05/05/23,2,topology,4413
104719,05/05/23,1,topology,8508
104720,05/05/23,3,topology,0
104721,05/05/23,0,topology,8765
104860,06/05/23,2,topology,4608
104863,06/05/23,1,topology,7492
104864,06/05/23,3,topology,0
104865,06/05/23,0,topology,9256
105004,07/05/23,2,topology,4614
105007,07/05/23,1,topology,7553
105008,07/05/23,3,topology,0
105009,07/05/23,0,topology,9032
105148,08/05/23,2,topology,4593
105151,08/05/23,1,topology,7774
105152,08/05/23,3,topology,0
105153,08/05/23,0,topology,8786
105292,09/05/23,2,topology,4869
105295,09/05/23,1,topology,8016
105296,09/05/23,3,topology,0
105297,09/05/23,0,topology,8853
105436,10/05/23,2,topology,4754
105439,10/05/23,1,topology,8380
105440,10/05/23,3,topology,0
105441,10/05/23,0,topology,8459
105580,11/05/23,2,topology,4670
105583,11/05/23,1,topology,8526
105584,11/05/23,3,topology,0
105585,11/05/23,0,topology,8874
105724,12/05/23,2,topology,4833
105727,12/05/23,1,topology,8405
105728,12/05/23,3,topology,0
105729,12/05/23,0,topology,9181
105868,13/05/23,2,topology,4526
105871,13/05/23,1,topology,7859
105872,13/05/23,3,topology,0
105873,13/05/23,0,topology,9419
106012,14/05/23,2,topology,4417
106015,14/05/23,1,topology,6752
106016,14/05/23,3,topology,0
106017,14/05/23,0,topology,9172
106156,15/05/23,2,topology,4401
106159,15/05/23,1,topology,6869
106160,15/05/23,3,topology,0
106161,15/05/23,0,topology,9349
106300,16/05/23,2,topology,4501
106303,16/05/23,1,topology,7423
106304,16/05/23,3,topology,0
106305,16/05/23,0,topology,9612
106444,17/05/23,2,topology,4920
106447,17/05/23,1,topology,7297
106448,17/05/23,3,topology,0
106449,17/05/23,0,topology,9790
106588,18/05/23,2,topology,4736
106591,18/05/23,1,topology,7619
106592,18/05/23,3,topology,0
106593,18/05/23,0,topology,9433
106732,19/05/23,2,topology,4658
106735,19/05/23,1,topology,7244
106736,19/05/23,3,topology,0
106737,19/05/23,0,topology,9834
106876,20/05/23,2,topology,4380
106879,20/05/23,1,topology,7523
106880,20/05/23,3,topology,0
106881,20/05/23,0,topology,9915
107020,21/05/23,2,topology,4446
107023,21/05/23,1,topology,7181
107024,21/05/23,3,topology,0
107025,21/05/23,0,topology,8879
107164,22/05/23,2,topology,4419
107167,22/05/23,1,topology,7817
107168,22/05/23,3,topology,0
107169,22/05/23,0,topology,8708
107308,23/05/23,2,topology,4870
107311,23/05/23,1,topology,8342
107312,23/05/23,3,topology,0
107313,23/05/23,0,topology,8618
107452,24/05/23,2,topology,4895
107455,24/05/23,1,topology,8387
107456,24/05/23,3,topology,0
107457,24/05/23,0,topology,9058
107596,25/05/23,2,topology,4792
107599,25/05/23,1,topology,8108
107600,25/05/23,3,topology,0
107601,25/05/23,0,topology,9017
107740,26/05/23,2,topology,4862
107743,26/05/23,1,topology,7518
107744,26/05/23,3,topology,0
107745,26/05/23,0,topology,8854
107884,27/05/23,2,topology,4755
107887,27/05/23,1,topology,7045
107888,27/05/23,3,topology,0
107889,27/05/23,0,topology,8903
108028,28/05/23,2,topology,4471
108031,28/05/23,1,topology,7341
108032,28/05/23,3,topology,0
108033,28/05/23,0,topology,9002
108172,29/05/23,2,topology,4591
108175,29/05/23,1,topology,7182
108176,29/05/23,3,topology,0
108177,29/05/23,0,topology,9103
108316,30/05/23,2,topology,4808
108319,30/05/23,1,topology,7790
108320,30/05/23,3,topology,0
108321,30/05/23,0,topology,9311
108460,31/05/23,2,topology,5344
108463,31/05/23,1,topology,9201
108464,31/05/23,3,topology,0
108465,31/05/23,0,topology,9663
108604,01/06/23,2,topology,5360
108607,01/06/23,1,topology,9512
108608,01/06/23,3,topology,0
108609,01/06/23,0,topology,9474
108748,02/06/23,2,topology,5718
108751,02/06/23,1,topology,9908
108752,02/06/23,3,topology,0
108753,02/06/23,0,topology,9763
108892,03/06/23,2,topology,5327
108895,03/06/23,1,topology,9044
108896,03/06/23,3,topology,0
108897,03/06/23,0,topology,10426
109036,04/06/23,2,topology,5576
109039,04/06/23,1,topology,8651
109040,04/06/23,3,topology,0
109041,04/06/23,0,topology,9414
109180,05/06/23,2,topology,5579
109183,05/06/23,1,topology,8442
109184,05/06/23,3,topology,0
109185,05/06/23,0,topology,9687
109324,06/06/23,2,topology,5865
109327,06/06/23,1,topology,8734
109328,06/06/23,3,topology,0
109329,06/06/23,0,topology,9422
109468,07/06/23,2,topology,5739
109471,07/06/23,1,topology,8286
109472,07/06/23,3,topology,0
109473,07/06/23,0,topology,9761
109612,08/06/23,2,topology,5478
109615,08/06/23,1,topology,8185
109616,08/06/23,3,topology,0
109617,08/06/23,0,topology,9959
109756,09/06/23,2,topology,5413
109759,09/06/23,1,topology,8347
109760,09/06/23,3,topology,0
109761,09/06/23,0,topology,10143
109900,10/06/23,2,topology,5196
109903,10/06/23,1,topology,7877
109904,10/06/23,3,topology,0
109905,10/06/23,0,topology,10820
110044,11/06/23,2,topology,4531
110047,11/06/23,1,topology,7941
110048,11/06/23,3,topology,0
110049,11/06/23,0,topology,9664
110188,12/06/23,2,topology,4353
110191,12/06/23,1,topology,7653
110192,12/06/23,3,topology,0
110193,12/06/23,0,topology,10889
110332,13/06/23,2,topology,4758
110335,13/06/23,1,topology,7931
110336,13/06/23,3,topology,0
110337,13/06/23,0,topology,10555
110476,14/06/23,2,topology,5457
110479,14/06/23,1,topology,7665
110480,14/06/23,3,topology,0
110481,14/06/23,0,topology,10535
110620,15/06/23,2,topology,5454
110623,15/06/23,1,topology,8380
110624,15/06/23,3,topology,0
110625,15/06/23,0,topology,10963
110764,16/06/23,2,topology,5095
110767,16/06/23,1,topology,8365
110768,16/06/23,3,topology,0
110769,16/06/23,0,topology,10821
110908,17/06/23,2,topology,4832
110911,17/06/23,1,topology,7630
110912,17/06/23,3,topology,0
110913,17/06/23,0,topology,10641
111052,18/06/23,2,topology,5100
111055,18/06/23,1,topology,7753
111056,18/06/23,3,topology,0
111057,18/06/23,0,topology,10739
111196,19/06/23,2,topology,5184
111199,19/06/23,1,topology,8123
111200,19/06/23,3,topology,0
111201,19/06/23,0,topology,11165
111340,20/06/23,2,topology,6300
111343,20/06/23,1,topology,9050
111344,20/06/23,3,topology,0
111345,20/06/23,0,topology,11146
111484,21/06/23,2,topology,6034
111487,21/06/23,1,topology,9467
111488,21/06/23,3,topology,0
111489,21/06/23,0,topology,10715
111628,22/06/23,2,topology,5969
111631,22/06/23,1,topology,9754
111632,22/06/23,3,topology,0
111633,22/06/23,0,topology,10867
111772,23/06/23,2,topology,5954
111775,23/06/23,1,topology,9501
111776,23/06/23,3,topology,0
111777,23/06/23,0,topology,10838
111916,24/06/23,2,topology,5820
111919,24/06/23,1,topology,8869
111920,24/06/23,3,topology,0
111921,24/06/23,0,topology,10806
112060,25/06/23,2,topology,5208
112063,25/06/23,1,topology,9577
112064,25/06/23,3,topology,0
112065,25/06/23,0,topology,11470
112204,26/06/23,2,topology,5124
112207,26/06/23,1,topology,8910
112208,26/06/23,3,topology,0
112209,26/06/23,0,topology,11081
112348,27/06/23,2,topology,5134
112351,27/06/23,1,topology,8676
112352,27/06/23,3,topology,0
112353,27/06/23,0,topology,10998
112492,28/06/23,2,topology,5358
112495,28/06/23,1,topology,9051
112496,28/06/23,3,topology,0
112497,28/06/23,0,topology,11947
112636,29/06/23,2,topology,5709
112639,29/06/23,1,topology,8831
112640,29/06/23,3,topology,0
112641,29/06/23,0,topology,12307
112780,30/06/23,2,topology,5615
112783,30/06/23,1,topology,9912
112784,30/06/23,3,topology,0
112785,30/06/23,0,topology,12143
160698,01/01/23,0,link,6275
160700,01/01/23,3,link,3118
160702,01/01/23,2,link,4915
160705,01/01/23,1,link,5709
161178,02/01/23,0,link,5916
161180,02/01/23,3,link,2978
161182,02/01/23,2,link,4802
161185,02/01/23,1,link,5775
161658,03/01/23,0,link,6538
161660,03/01/23,3,link,3456
161662,03/01/23,2,link,5096
161665,03/01/23,1,link,5340
162138,04/01/23,0,link,6162
162140,04/01/23,3,link,3250
162142,04/01/23,2,link,4952
162145,04/01/23,1,link,5379
162618,05/01/23,0,link,6636
162620,05/01/23,3,link,3532
162622,05/01/23,2,link,5032
162625,05/01/23,1,link,5480
163098,06/01/23,0,link,7300
163100,06/01/23,3,link,3898
163102,06/01/23,2,link,5253
163105,06/01/23,1,link,6043
163578,07/01/23,0,link,8015
163580,07/01/23,3,link,3778
163582,07/01/23,2,link,5281
163585,07/01/23,1,link,6572
164058,08/01/23,0,link,7324
164060,08/01/23,3,link,3546
164062,08/01/23,2,link,5321
164065,08/01/23,1,link,6917
164538,09/01/23,0,link,7715
164540,09/01/23,3,link,3605
164542,09/01/23,2,link,5190
164545,09/01/23,1,link,6695
165018,10/01/23,0,link,8021
165020,10/01/23,3,link,3907
165022,10/01/23,2,link,5330
165025,10/01/23,1,link,7214
165498,11/01/23,0,link,7665
165500,11/01/23,3,link,3897
165502,11/01/23,2,link,4993
165505,11/01/23,1,link,7399
165978,12/01/23,0,link,6946
165980,12/01/23,3,link,3748
165982,12/01/23,2,link,4984
165985,12/01/23,1,link,6492
166458,13/01/23,0,link,7441
166460,13/01/23,3,link,3789
166462,13/01/23,2,link,4999
166465,13/01/23,1,link,5900
166938,14/01/23,0,link,8165
166940,14/01/23,3,link,3780
166942,14/01/23,2,link,5301
166945,14/01/23,1,link,6831
167418,15/01/23,0,link,8808
167420,15/01/23,3,link,3819
167422,15/01/23,2,link,5561
167425,15/01/23,1,link,8279
167898,16/01/23,0,link,8496
167900,16/01/23,3,link,3993
167902,16/01/23,2,link,4885
167905,16/01/23,1,link,7486
168378,17/01/23,0,link,7689
168380,17/01/23,3,link,3788
168382,17/01/23,2,link,4983
168385,17/01/23,1,link,6667
168858,18/01/23,0,link,7130
168860,18/01/23,3,link,3560
168862,18/01/23,2,link,5263
168865,18/01/23,1,link,6137
169338,19/01/23,0,link,6942
169340,19/01/23,3,link,3675
169342,19/01/23,2,link,5390
169345,19/01/23,1,link,6016
169818,20/01/23,0,link,6989
169820,20/01/23,3,link,3722
169822,20/01/23,2,link,5337
169825,20/01/23,1,link,5581
170298,21/01/23,0,link,7960
170300,21/01/23,3,link,3863
170302,21/01/23,2,link,5259
170305,21/01/23,1,link,6738
170778,22/01/23,0,link,7931
170780,22/01/23,3,link,3738
170782,22/01/23,2,link,5002
170785,22/01/23,1,link,7570
171258,23/01/23,0,link,7465
171260,23/01/23,3,link,3617
171262,23/01/23,2,link,5224
171265,23/01/23,1,link,6330
171738,24/01/23,0,link,7897
171740,24/01/23,3,link,3980
171742,24/01/23,2,link,5260
171745,24/01/23,1,link,7449
172218,25/01/23,0,link,7796
172220,25/01/23,3,link,3928
172222,25/01/23,2,link,5170
172225,25/01/23,1,link,7184
172698,26/01/23,0,link,7792
172700,26/01/23,3,link,3919
172702,26/01/23,2,link,5334
172705,26/01/23,1,link,6232
173178,27/01/23,0,link,8178
173180,27/01/23,3,link,3864
173182,27/01/23,2,link,5924
173185,27/01/23,1,link,6827
173658,28/01/23,0,link,7941
173660,28/01/23,3,link,3954
173662,28/01/23,2,link,5626
173665,28/01/23,1,link,7841
174138,29/01/23,0,link,7255
174140,29/01/23,3,link,3622
174142,29/01/23,2,link,5213
174145,29/01/23,1,link,6853
174618,30/01/23,0,link,6901
174620,30/01/23,3,link,3806
174622,30/01/23,2,link,5623
174625,30/01/23,1,link,6048
175098,31/01/23,0,link,7785
175100,31/01/23,3,link,3915
175102,31/01/23,2,link,6486
175105,31/01/23,1,link,6310
175578,01/02/23,0,link,8079
175580,01/02/23,3,link,4396
175582,01/02/23,2,link,6124
175585,01/02/23,1,link,7023
176058,02/02/23,0,link,8382
176060,02/02/23,3,link,4268
176062,02/02/23,2,link,6034
176065,02/02/23,1,link,7610
176538,03/02/23,0,link,7892
176540,03/02/23,3,link,4009
176542,03/02/23,2,link,6320
176545,03/02/23,1,link,6968
177018,04/02/23,0,link,8894
177020,04/02/23,3,link,4312
177022,04/02/23,2,link,5902
177025,04/02/23,1,link,9073
177498,05/02/23,0,link,7977
177500,05/02/23,3,link,3946
177502,05/02/23,2,link,5241
177505,05/02/23,1,link,8068
177978,06/02/23,0,link,7369
177980,06/02/23,3,link,3774
177982,06/02/23,2,link,4830
177985,06/02/23,1,link,6574
178458,07/02/23,0,link,8043
178460,07/02/23,3,link,3796
178462,07/02/23,2,link,5384
178465,07/02/23,1,link,6989
178938,08/02/23,0,link,6981
178940,08/02/23,3,link,3824
178942,08/02/23,2,link,5243
178945,08/02/23,1,link,6040
179418,09/02/23,0,link,6796
179420,09/02/23,3,link,3665
179422,09/02/23,2,link,5249
179425,09/02/23,1,link,6143
179898,10/02/23,0,link,6976
179900,10/02/23,3,link,3820
179902,10/02/23,2,link,4998
179905,10/02/23,1,link,5661
180378,11/02/23,0,link,7586
180380,11/02/23,3,link,4036
180382,11/02/23,2,link,5505
180385,11/02/23,1,link,5724
180858,12/02/23,0,link,7211
180860,12/02/23,3,link,3726
180862,12/02/23,2,link,4744
180865,12/02/23,1,link,6136
181338,13/02/23,0,link,7175
181340,13/02/23,3,link,3675
181342,13/02/23,2,link,4506
181345,13/02/23,1,link,6944
181818,14/02/23,0,link,7644
181820,14/02/23,3,link,3537
181822,14/02/23,2,link,4735
181825,14/02/23,1,link,6596
182298,15/02/23,0,link,6802
182300,15/02/23,3,link,3649
182302,15/02/23,2,link,4841
182305,15/02/23,1,link,6120
182778,16/02/23,0,link,6459
182780,16/02/23,3,link,3415
182782,16/02/23,2,link,4798
182785,16/02/23,1,link,5264
183258,17/02/23,0,link,6897
183260,17/02/23,3,link,3686
183262,17/02/23,2,link,5589
183265,17/02/23,1,link,5787
183738,18/02/23,0,link,8091
183740,18/02/23,3,link,4079
183742,18/02/23,2,link,5312
183745,18/02/23,1,link,6997
184218,19/02/23,0,link,7213
184220,19/02/23,3,link,3473
184222,19/02/23,2,link,4987
184225,19/02/23,1,link,7418
184698,20/02/23,0,link,6912
184700,20/02/23,3,link,3560
184702,20/02/23,2,link,4729
184705,20/02/23,1,link,6053
185178,21/02/23,0,link,6701
185180,21/02/23,3,link,3446
185182,21/02/23,2,link,4723
185185,21/02/23,1,link,5793
185658,22/02/23,0,link,7343
185660,22/02/23,3,link,3929
185662,22/02/23,2,link,5125
185665,22/02/23,1,link,5769
186138,23/02/23,0,link,6775
186140,23/02/23,3,link,3639
186142,23/02/23,2,link,5155
186145,23/02/23,1,link,5854
186618,24/02/23,0,link,6448
186620,24/02/23,3,link,3728
186622,24/02/23,2,link,5412
186625,24/02/23,1,link,5677
187098,25/02/23,0,link,6876
187100,25/02/23,3,link,3892
187102,25/02/23,2,link,5400
187105,25/02/23,1,link,6005
187578,26/02/23,0,link,6925
187580,26/02/23,3,link,3549
187582,26/02/23,2,link,4960
187585,26/02/23,1,link,6482
188058,27/02/23,0,link,6757
188060,27/02/23,3,link,3477
188062,27/02/23,2,link,4758
188065,27/02/23,1,link,5960
188538,28/02/23,0,link,6883
188540,28/02/23,3,link,3592
188542,28/02/23,2,link,5116
188545,28/02/23,1,link,5965
189018,01/03/23,0,link,7093
189020,01/03/23,3,link,3810
189022,01/03/23,2,link,5037
189025,01/03/23,1,link,6017
189498,02/03/23,0,link,6394
189500,02/03/23,3,link,3457
189502,02/03/23,2,link,4772
189505,02/03/23,1,link,5643
189978,03/03/23,0,link,7094
189980,03/03/23,3,link,3763
189982,03/03/23,2,link,5240
189985,03/03/23,1,link,5417
190458,04/03/23,0,link,6712
190460,04/03/23,3,link,3652
190462,04/03/23,2,link,5032
190465,04/03/23,1,link,5778
190938,05/03/23,0,link,6770
190940,05/03/23,3,link,3459
190942,05/03/23,2,link,4831
190945,05/03/23,1,link,5967
191418,06/03/23,0,link,6560
191420,06/03/23,3,link,3614
191422,06/03/23,2,link,4679
191425,06/03/23,1,link,5827
191898,07/03/23,0,link,6334
191900,07/03/23,3,link,3739
191902,07/03/23,2,link,4989
191905,07/03/23,1,link,5805
192378,08/03/23,0,link,7503
192380,08/03/23,3,link,4056
192382,08/03/23,2,link,5107
192385,08/03/23,1,link,6471
192858,09/03/23,0,link,7374
192860,09/03/23,3,link,3846
192862,09/03/23,2,link,4846
192865,09/03/23,1,link,6427
193338,10/03/23,0,link,6682
193340,10/03/23,3,link,3874
193342,10/03/23,2,link,5239
193345,10/03/23,1,link,6238
193818,11/03/23,0,link,7210
193820,11/03/23,3,link,3974
193822,11/03/23,2,link,5314
193825,11/03/23,1,link,6562
194298,12/03/23,0,link,0
194300,12/03/23,3,link,0
194302,12/03/23,2,link,0
194305,12/03/23,1,link,0
194758,13/03/23,0,link,7505
194760,13/03/23,3,link,3556
194762,13/03/23,2,link,4821
194765,13/03/23,1,link,6667
195238,14/03/23,0,link,7931
195240,14/03/23,3,link,4055
195242,14/03/23,2,link,5253
195245,14/03/23,1,link,6902
195718,15/03/23,0,link,8420
195720,15/03/23,3,link,4209
195722,15/03/23,2,link,5041
195725,15/03/23,1,link,7552
196198,16/03/23,0,link,7611
196200,16/03/23,3,link,3964
196202,16/03/23,2,link,5103
196205,16/03/23,1,link,7143
196678,17/03/23,0,link,6982
196680,17/03/23,3,link,3346
196682,17/03/23,2,link,4876
196685,17/03/23,1,link,5856
197158,18/03/23,0,link,7575
197160,18/03/23,3,link,3519
197162,18/03/23,2,link,5296
197165,18/03/23,1,link,5628
197638,19/03/23,0,link,8026
197640,19/03/23,3,link,3886
197642,19/03/23,2,link,5365
197645,19/03/23,1,link,6030
198118,20/03/23,0,link,7834
198120,20/03/23,3,link,4002
198122,20/03/23,2,link,5114
198125,20/03/23,1,link,7011
198598,21/03/23,0,link,7828
198600,21/03/23,3,link,3737
198602,21/03/23,2,link,5014
198605,21/03/23,1,link,6684
199078,22/03/23,0,link,6872
199080,22/03/23,3,link,3590
199082,22/03/23,2,link,4794
199085,22/03/23,1,link,6236
199558,23/03/23,0,link,6730
199560,23/03/23,3,link,3476
199562,23/03/23,2,link,4637
199565,23/03/23,1,link,5824
200038,24/03/23,0,link,6496
200040,24/03/23,3,link,3628
200042,24/03/23,2,link,4735
200045,24/03/23,1,link,5590
200518,25/03/23,0,link,6332
200520,25/03/23,3,link,3620
200522,25/03/23,2,link,4967
200525,25/03/23,1,link,5352
200998,26/03/23,0,link,6102
201000,26/03/23,3,link,3231
201002,26/03/23,2,link,4844
201005,26/03/23,1,link,5534
201478,27/03/23,0,link,6033
201480,27/03/23,3,link,3402
201482,27/03/23,2,link,4826
201485,27/03/23,1,link,5059
201958,28/03/23,0,link,6691
201960,28/03/23,3,link,3455
201962,28/03/23,2,link,5095
201965,28/03/23,1,link,5161
202438,29/03/23,0,link,6624
202440,29/03/23,3,link,3865
202442,29/03/23,2,link,4973
202445,29/03/23,1,link,5475
202918,30/03/23,0,link,6690
202920,30/03/23,3,link,3836
202922,30/03/23,2,link,4861
202925,30/03/23,1,link,5856
203398,31/03/23,0,link,6817
203400,31/03/23,3,link,3458
203402,31/03/23,2,link,4563
203405,31/03/23,1,link,5834
203878,01/04/23,0,link,6407
203880,01/04/23,3,link,3206
203882,01/04/23,2,link,4612
203885,01/04/23,1,link,5651
204358,02/04/23,0,link,6251
204360,02/04/23,3,link,3357
204362,02/04/23,2,link,4614
204365,02/04/23,1,link,5341
204838,03/04/23,0,link,6565
204840,03/04/23,3,link,3469
204842,03/04/23,2,link,4307
204845,03/04/23,1,link,5744
205318,04/04/23,0,link,5862
205320,04/04/23,3,link,3114
205322,04/04/23,2,link,4762
205325,04/04/23,1,link,5395
205798,05/04/23,0,link,6473
205800,05/04/23,3,link,3410
205802,05/04/23,2,link,4670
205805,05/04/23,1,link,5925
206278,06/04/23,0,link,6332
206280,06/04/23,3,link,3093
206282,06/04/23,2,link,4783
206285,06/04/23,1,link,6368
206758,07/04/23,0,link,6576
206760,07/04/23,3,link,3164
206762,07/04/23,2,link,4474
206765,07/04/23,1,link,5835
207238,08/04/23,0,link,6370
207240,08/04/23,3,link,3247
207242,08/04/23,2,link,4364
207245,08/04/23,1,link,5699
207718,09/04/23,0,link,6594
207720,09/04/23,3,link,3093
207722,09/04/23,2,link,4116
207725,09/04/23,1,link,6036
208198,10/04/23,0,link,6241
208200,10/04/23,3,link,3071
208202,10/04/23,2,link,3922
208205,10/04/23,1,link,5933
208678,11/04/23,0,link,6456
208680,11/04/23,3,link,3146
208682,11/04/23,2,link,4505
208685,11/04/23,1,link,5716
209158,12/04/23,0,link,6344
209160,12/04/23,3,link,3296
209162,12/04/23,2,link,4385
209165,12/04/23,1,link,5445
209638,13/04/23,0,link,6046
209640,13/04/23,3,link,3151
209642,13/04/23,2,link,4959
209645,13/04/23,1,link,5570
210118,14/04/23,0,link,5916
210120,14/04/23,3,link,3120
210122,14/04/23,2,link,4801
210125,14/04/23,1,link,5663
210598,15/04/23,0,link,5831
210600,15/04/23,3,link,3278
210602,15/04/23,2,link,4588
210605,15/04/23,1,link,5479
211078,16/04/23,0,link,5888
211080,16/04/23,3,link,3246
211082,16/04/23,2,link,4494
211085,16/04/23,1,link,5664
211558,17/04/23,0,link,5905
211560,17/04/23,3,link,3006
211562,17/04/23,2,link,4471
211565,17/04/23,1,link,5466
212038,18/04/23,0,link,6920
212040,18/04/23,3,link,3416
212042,18/04/23,2,link,5020
212045,18/04/23,1,link,5494
212518,19/04/23,0,link,6437
212520,19/04/23,3,link,3352
212522,19/04/23,2,link,4729
212525,19/04/23,1,link,5186
212998,20/04/23,0,link,5781
213000,20/04/23,3,link,3108
213002,20/04/23,2,link,4527
213005,20/04/23,1,link,5166
213478,21/04/23,0,link,6452
213480,21/04/23,3,link,3417
213482,21/04/23,2,link,4321
213485,21/04/23,1,link,5598
213958,22/04/23,0,link,6250
213960,22/04/23,3,link,3076
213962,22/04/23,2,link,4314
213965,22/04/23,1,link,5743
214438,23/04/23,0,link,5645
214440,23/04/23,3,link,2980
214442,23/04/23,2,link,4672
214445,23/04/23,1,link,5407
214918,24/04/23,0,link,6513
214920,24/04/23,3,link,3292
214922,24/04/23,2,link,4299
214925,24/04/23,1,link,5098
215398,25/04/23,0,link,6807
215400,25/04/23,3,link,3431
215402,25/04/23,2,link,4710
215405,25/04/23,1,link,5534
215878,26/04/23,0,link,6779
215880,26/04/23,3,link,3619
215882,26/04/23,2,link,4660
215885,26/04/23,1,link,5290
216358,27/04/23,0,link,6179
216360,27/04/23,3,link,3613
216362,27/04/23,2,link,4505
216365,27/04/23,1,link,5582
216838,28/04/23,0,link,6324
216840,28/04/23,3,link,3290
216842,28/04/23,2,link,4277
216845,28/04/23,1,link,5283
217318,29/04/23,0,link,5904
217320,29/04/23,3,link,3214
217322,29/04/23,2,link,4230
217325,29/04/23,1,link,5307
217798,30/04/23,0,link,5566
217800,30/04/23,3,link,2883
217802,30/04/23,2,link,4261
217805,30/04/23,1,link,5663
218278,01/05/23,0,link,6351
218280,01/05/23,3,link,3208
218282,01/05/23,2,link,4597
218285,01/05/23,1,link,5346
218758,02/05/23,0,link,6428
218760,02/05/23,3,link,3637
218762,02/05/23,2,link,4901
218765,02/05/23,1,link,5301
219238,03/05/23,0,link,6652
219240,03/05/23,3,link,3675
219242,03/05/23,2,link,4733
219245,03/05/23,1,link,5703
219718,04/05/23,0,link,6792
219720,04/05/23,3,link,3604
219722,04/05/23,2,link,4340
219725,04/05/23,1,link,5643
220198,05/05/23,0,link,6317
220200,05/05/23,3,link,3224
220202,05/05/23,2,link,4453
220205,05/05/23,1,link,5406
220678,06/05/23,0,link,5764
220680,06/05/23,3,link,3152
220682,06/05/23,2,link,4663
220685,06/05/23,1,link,5221
221158,07/05/23,0,link,5424
221160,07/05/23,3,link,3003
221162,07/05/23,2,link,4512
221165,07/05/23,1,link,5184
221638,08/05/23,0,link,6129
221640,08/05/23,3,link,3008
221642,08/05/23,2,link,4529
221645,08/05/23,1,link,5503
222118,09/05/23,0,link,6525
222120,09/05/23,3,link,3060
222122,09/05/23,2,link,4265
222125,09/05/23,1,link,5943
222598,10/05/23,0,link,6454
222600,10/05/23,3,link,3147
222602,10/05/23,2,link,4486
222605,10/05/23,1,link,5425
223078,11/05/23,0,link,6268
223080,11/05/23,3,link,3218
223082,11/05/23,2,link,4557
223085,11/05/23,1,link,5582
223558,12/05/23,0,link,6625
223560,12/05/23,3,link,3390
223562,12/05/23,2,link,4834
223565,12/05/23,1,link,5841
224038,13/05/23,0,link,6601
224040,13/05/23,3,link,3296
224042,13/05/23,2,link,4507
224045,13/05/23,1,link,6300
224518,14/05/23,0,link,6024
224520,14/05/23,3,link,2992
224522,14/05/23,2,link,4321
224525,14/05/23,1,link,6011
224998,15/05/23,0,link,6137
225000,15/05/23,3,link,2961
225002,15/05/23,2,link,4202
225005,15/05/23,1,link,5600
225478,16/05/23,0,link,6562
225480,16/05/23,3,link,3091
225482,16/05/23,2,link,4597
225485,16/05/23,1,link,5464
225958,17/05/23,0,link,6169
225960,17/05/23,3,link,3107
225962,17/05/23,2,link,4453
225965,17/05/23,1,link,5844
226438,18/05/23,0,link,6093
226440,18/05/23,3,link,3380
226442,18/05/23,2,link,4448
226445,18/05/23,1,link,5279
226918,19/05/23,0,link,6448
226920,19/05/23,3,link,3286
226922,19/05/23,2,link,4593
226925,19/05/23,1,link,5325
227398,20/05/23,0,link,6090
227400,20/05/23,3,link,3253
227402,20/05/23,2,link,4401
227405,20/05/23,1,link,5667
227878,21/05/23,0,link,5977
227880,21/05/23,3,link,3046
227882,21/05/23,2,link,4108
227885,21/05/23,1,link,5586
228358,22/05/23,0,link,5902
228360,22/05/23,3,link,2968
228362,22/05/23,2,link,4393
228365,22/05/23,1,link,5498
228838,23/05/23,0,link,6296
228840,23/05/23,3,link,3101
228842,23/05/23,2,link,4775
228845,23/05/23,1,link,5616
229318,24/05/23,0,link,6150
229320,24/05/23,3,link,3390
229322,24/05/23,2,link,4912
229325,24/05/23,1,link,5305
229798,25/05/23,0,link,6420
229800,25/05/23,3,link,3069
229802,25/05/23,2,link,4689
229805,25/05/23,1,link,5692
230278,26/05/23,0,link,6014
230280,26/05/23,3,link,3202
230282,26/05/23,2,link,4268
230285,26/05/23,1,link,5654
230758,27/05/23,0,link,6080
230760,27/05/23,3,link,2995
230762,27/05/23,2,link,4280
230765,27/05/23,1,link,5711
231238,28/05/23,0,link,5791
231240,28/05/23,3,link,2953
231242,28/05/23,2,link,4311
231245,28/05/23,1,link,5563
231718,29/05/23,0,link,5974
231720,29/05/23,3,link,2822
231722,29/05/23,2,link,4209
231725,29/05/23,1,link,5567
232198,30/05/23,0,link,6532
232200,30/05/23,3,link,3363
232202,30/05/23,2,link,4503
232205,30/05/23,1,link,5854
232678,31/05/23,0,link,7133
232680,31/05/23,3,link,3759
232682,31/05/23,2,link,5719
232685,31/05/23,1,link,5612
233158,01/06/23,0,link,7086
233160,01/06/23,3,link,3800
233162,01/06/23,2,link,6076
233165,01/06/23,1,link,5613
233638,02/06/23,0,link,6513
233640,02/06/23,3,link,3800
233642,02/06/23,2,link,6176
233645,02/06/23,1,link,5830
234118,03/06/23,0,link,6933
234120,03/06/23,3,link,3849
234122,03/06/23,2,link,5954
234125,03/06/23,1,link,6371
234598,04/06/23,0,link,6642
234600,04/06/23,3,link,3314
234602,04/06/23,2,link,5614
234605,04/06/23,1,link,5618
235078,05/06/23,0,link,6063
235080,05/06/23,3,link,3030
235082,05/06/23,2,link,4530
235085,05/06/23,1,link,5481
235558,06/06/23,0,link,6551
235560,06/06/23,3,link,3187
235562,06/06/23,2,link,5320
235565,06/06/23,1,link,5941
236038,07/06/23,0,link,6191
236040,07/06/23,3,link,3387
236042,07/06/23,2,link,4812
236045,07/06/23,1,link,5656
236518,08/06/23,0,link,6351
236520,08/06/23,3,link,3104
236522,08/06/23,2,link,4446
236525,08/06/23,1,link,5949
236998,09/06/23,0,link,6344
237000,09/06/23,3,link,3163
237002,09/06/23,2,link,4546
237005,09/06/23,1,link,5781
237478,10/06/23,0,link,6156
237480,10/06/23,3,link,3265
237482,10/06/23,2,link,5098
237485,10/06/23,1,link,5486
237958,11/06/23,0,link,6112
237960,11/06/23,3,link,3155
237962,11/06/23,2,link,4940
237965,11/06/23,1,link,5801
238438,12/06/23,0,link,6553
238440,12/06/23,3,link,3252
238442,12/06/23,2,link,4219
238445,12/06/23,1,link,6301
238918,13/06/23,0,link,6282
238920,13/06/23,3,link,3258
238922,13/06/23,2,link,4469
238925,13/06/23,1,link,6175
239398,14/06/23,0,link,6594
239400,14/06/23,3,link,3153
239402,14/06/23,2,link,4389
239405,14/06/23,1,link,6015
239878,15/06/23,0,link,6470
239880,15/06/23,3,link,3160
239882,15/06/23,2,link,4803
239885,15/06/23,1,link,5810
240358,16/06/23,0,link,6740
240360,16/06/23,3,link,3470
240362,16/06/23,2,link,4742
240365,16/06/23,1,link,5971
240838,17/06/23,0,link,6197
240840,17/06/23,3,link,3221
240842,17/06/23,2,link,4608
240845,17/06/23,1,link,5976
241318,18/06/23,0,link,6189
241320,18/06/23,3,link,2933
241322,18/06/23,2,link,4524
241325,18/06/23,1,link,5726
241798,19/06/23,0,link,6763
241800,19/06/23,3,link,3213
241802,19/06/23,2,link,4828
241805,19/06/23,1,link,6329
242278,20/06/23,0,link,6970
242280,20/06/23,3,link,3861
242282,20/06/23,2,link,5506
242285,20/06/23,1,link,6201
242758,21/06/23,0,link,6933
242760,21/06/23,3,link,3782
242762,21/06/23,2,link,5394
242765,21/06/23,1,link,5971
243238,22/06/23,0,link,6970
243240,22/06/23,3,link,3979
243242,22/06/23,2,link,5654
243245,22/06/23,1,link,5838
243718,23/06/23,0,link,6389
243720,23/06/23,3,link,3596
243722,23/06/23,2,link,5471
243725,23/06/23,1,link,6047
244198,24/06/23,0,link,6827
244200,24/06/23,3,link,3521
244202,24/06/23,2,link,5786
244205,24/06/23,1,link,6335
244678,25/06/23,0,link,7021
244680,25/06/23,3,link,3674
244682,25/06/23,2,link,6546
244685,25/06/23,1,link,6367
245158,26/06/23,0,link,7174
245160,26/06/23,3,link,3605
245162,26/06/23,2,link,5146
245165,26/06/23,1,link,7070
245638,27/06/23,0,link,6875
245640,27/06/23,3,link,3793
245642,27/06/23,2,link,5473
245645,27/06/23,1,link,6768
246118,28/06/23,0,link,6615
246120,28/06/23,3,link,3476
246122,28/06/23,2,link,4878
246125,28/06/23,1,link,6394
246598,29/06/23,0,link,6749
246600,29/06/23,3,link,3536
246602,29/06/23,2,link,5810
246605,29/06/23,1,link,6398
247078,30/06/23,0,link,7349
247080,30/06/23,3,link,3885
247082,30/06/23,2,link,6439
247085,30/06/23,1,link,6269